2.351928000000000000e+06,-7.164028078273757671e+01
2.352068000000000000e+06,-1.723164221438515042e+01
2.352216000000000000e+06,-1.415890990777331027e+01
2.352352000000000000e+06,-1.580882816281661896e+01
2.352492000000000000e+06,-9.336405023361606936e+00
2.352632000000000000e+06,-1.349823962670004640e+01
2.352772000000000000e+06,-8.944202390105717271e+00
2.353032000000000000e+06,-1.356123265752107088e+01
2.353968000000000000e+06,-1.123316133974386233e+01
2.354900000000000000e+06,-1.257198468355102783e+01
2.355836000000000000e+06,-1.179334538852248393e+01
2.356772000000000000e+06,-1.419865418545046154e+01
2.357708000000000000e+06,-1.308567122604190303e+01
2.358640000000000000e+06,-1.413791223083296877e+01
2.359576000000000000e+06,-1.650861081202894809e+01
2.360512000000000000e+06,-1.298518499374725899e+01
2.361448000000000000e+06,-1.543474022075945129e+01
2.362388000000000000e+06,-1.225927060564943716e+01
2.363316000000000000e+06,-1.580819625327853295e+01
2.364252000000000000e+06,-1.360322801140175386e+01
2.365188000000000000e+06,-2.017613738315140637e+01
2.366120000000000000e+06,-1.323265496462429169e+01
2.367056000000000000e+06,-1.401192616919092160e+01
2.367992000000000000e+06,-1.572420554551716698e+01
2.368928000000000000e+06,-1.624239424041510560e+01
2.369860000000000000e+06,-1.580594517707499946e+01
2.370796000000000000e+06,-1.083870763028443918e+01
2.371732000000000000e+06,-1.710340507653956976e+01
2.372668000000000000e+06,-1.733437952288332440e+01
2.373600000000000000e+06,-8.638241540814725283e+00
2.374536000000000000e+06,-1.298518499374725899e+01
2.375472000000000000e+06,-8.755223297642645619e+00
2.376408000000000000e+06,-1.063323301328808945e+01
2.377340000000000000e+06,-1.246762820838740637e+01
2.378276000000000000e+06,-1.366171888981571314e+01
2.379212000000000000e+06,-1.696605755230939394e+01
2.380148000000000000e+06,-1.079671227640375797e+01
2.381080000000000000e+06,-1.244599862190897888e+01
2.382016000000000000e+06,-1.325365264156463319e+01
2.382952000000000000e+06,-1.624239424041510560e+01
2.383892000000000000e+06,-1.327239924230144119e+01
2.384820000000000000e+06,-1.455111254102919993e+01
2.385756000000000000e+06,-7.931705662991800132e+00
2.386692000000000000e+06,-1.077796567566694819e+01
2.387628000000000000e+06,-1.240625434423182760e+01
2.388560000000000000e+06,-1.298518499374725899e+01
2.389496000000000000e+06,-1.386944458301559457e+01
2.390432000000000000e+06,-1.621914548727123062e+01
2.391368000000000000e+06,-1.410041902935935099e+01
2.392300000000000000e+06,-1.356186456705915688e+01
2.393236000000000000e+06,-1.613515477950986465e+01
2.394172000000000000e+06,-1.092269833804580514e+01
2.395108000000000000e+06,-1.580594517707499946e+01
2.396040000000000000e+06,-1.207542557513151671e+01
2.396976000000000000e+06,-1.467484752646771717e+01
2.397912000000000000e+06,-1.331439459618212418e+01
2.398848000000000000e+06,-8.881209359284692795e+00
2.399780000000000000e+06,-8.451513524555185342e+00
2.400716000000000000e+06,-1.325140156536109970e+01
2.401652000000000000e+06,-8.327778539116669876e+00
2.402588000000000000e+06,-1.696092349036424451e+01
2.403520000000000000e+06,-1.398930932558513618e+01
2.404456000000000000e+06,-5.710241896581743859e+00
2.405396000000000000e+06,-8.493508878435868326e+00
2.406328000000000000e+06,-1.151974367875995853e+01
2.407260000000000000e+06,-1.733149653714171023e+01
2.408196000000000000e+06,-1.415665883156977856e+01
2.409132000000000000e+06,-1.320940621148041849e+01
2.410068000000000000e+06,-1.288019660904555153e+01
2.411000000000000000e+06,-1.316741085759973551e+01
2.411936000000000000e+06,-1.218041395983322239e+01
2.412872000000000000e+06,-1.560560462202380272e+01
2.413808000000000000e+06,-1.906315442374284785e+01
2.414740000000000000e+06,-1.498467861862768835e+01
2.415676000000000000e+06,-8.017315537418610916e+00
2.416612000000000000e+06,-1.539787892882391951e+01
2.417548000000000000e+06,-9.294409669480923952e+00
2.418480000000000000e+06,-1.187283394387678470e+01
2.419416000000000000e+06,-1.337225356505799745e+01
2.420352000000000000e+06,-1.640812457973430583e+01
2.421288000000000000e+06,-1.863183942234789470e+01
2.422220000000000000e+06,-1.619814781033089091e+01
2.423156000000000000e+06,-1.315091533306645921e+01
2.424092000000000000e+06,-8.954931943155758134e+00
2.425028000000000000e+06,-1.997354575189667614e+01
2.425960000000000000e+06,-1.704329503146016478e+01
2.426900000000000000e+06,-1.135401333944075830e+01
2.427832000000000000e+06,-9.170674684042408487e+00
2.428768000000000000e+06,-1.380645155219457010e+01
2.429700000000000000e+06,-1.665334347440780505e+01
2.430636000000000000e+06,-1.605341514795203395e+01
2.431572000000000000e+06,-1.370371424369639612e+01
2.432508000000000000e+06,-1.292444303912976800e+01
2.433440000000000000e+06,-1.215716520668934919e+01
2.434376000000000000e+06,-4.473523951734667214e+00
2.435312000000000000e+06,-1.605566622415556566e+01
2.436248000000000000e+06,-1.325140156536109970e+01
2.437180000000000000e+06,-1.131715204750522830e+01
2.438116000000000000e+06,-1.125415901668420382e+01
2.439052000000000000e+06,-1.477758483496589292e+01
2.439988000000000000e+06,-1.143638488053668034e+01
2.440920000000000000e+06,-1.185120435739835720e+01
2.441856000000000000e+06,-1.133589864824203630e+01
2.442792000000000000e+06,-1.966019976445700124e+01
2.443728000000000000e+06,-1.447162398567489916e+01
2.444660000000000000e+06,-1.496368094168734686e+01
2.445596000000000000e+06,-1.690180070241219923e+01
2.446532000000000000e+06,-1.240625434423182760e+01
2.447468000000000000e+06,-1.331439459618212418e+01
2.448404000000000000e+06,-9.914703763338952314e+00
2.449336000000000000e+06,-1.018092033495279303e+01
2.450272000000000000e+06,-5.628502265023909601e+00
2.451208000000000000e+06,-7.606998212963997474e+00
2.452140000000000000e+06,-1.374796067378061082e+01
2.453076000000000000e+06,-1.766358912531819314e+01
2.454012000000000000e+06,-7.751730875342855320e+00
2.454948000000000000e+06,-9.807464302433713144e+00
2.455880000000000000e+06,-1.715503664477246559e+01
2.456816000000000000e+06,-1.252773825346681136e+01
2.457752000000000000e+06,-1.273834693240831228e+01
2.458688000000000000e+06,-1.712440275347990948e+01
2.459620000000000000e+06,-1.335927293580442488e+01
2.460556000000000000e+06,-1.071722372104945542e+01
2.461492000000000000e+06,-1.290119428598589302e+01
2.462428000000000000e+06,-1.401642832159798502e+01
2.463360000000000000e+06,-1.069397496790558222e+01
2.464296000000000000e+06,-1.729463524520617312e+01
2.465232000000000000e+06,-2.017613738315140637e+01
2.466168000000000000e+06,-1.360547908760528557e+01
2.467100000000000000e+06,-8.656988141551535065e+00
2.468036000000000000e+06,-7.544005182142973887e+00
2.468972000000000000e+06,-1.127290561742101183e+01
2.469908000000000000e+06,-1.184895328119482372e+01
2.470840000000000000e+06,-9.933450364075760319e+00
2.471776000000000000e+06,-1.104643332348432061e+01
2.472712000000000000e+06,-1.304817802456828346e+01
2.473648000000000000e+06,-1.405842367547866800e+01
2.474580000000000000e+06,-9.702475917732005684e+00
2.475516000000000000e+06,-1.680419745585917468e+01
2.476452000000000000e+06,-1.345912725856098291e+01
2.477388000000000000e+06,-1.632638494817647157e+01
2.478320000000000000e+06,-1.539787892882391951e+01
2.479256000000000000e+06,-1.717378324550927360e+01
2.480192000000000000e+06,-1.733437952288332440e+01
2.481128000000000000e+06,-1.638712690279396256e+01
2.482060000000000000e+06,-1.624014316421157389e+01
2.482996000000000000e+06,-8.575248509993700807e+00
2.483932000000000000e+06,-2.686817350636205148e+01
2.484868000000000000e+06,-1.714828341616187046e+01
2.485800000000000000e+06,-2.057509324501789294e+01
2.486736000000000000e+06,-1.801541557135884730e+01
2.487672000000000000e+06,-1.448748760067009123e+01
2.488608000000000000e+06,-1.246762820838740637e+01
2.489540000000000000e+06,-1.100668904580717111e+01
2.490476000000000000e+06,-1.749785878599899291e+01
2.491412000000000000e+06,-1.681907381372700527e+01
2.492348000000000000e+06,-1.092494941424933863e+01
2.493280000000000000e+06,-1.098794244507036311e+01
2.494216000000000000e+06,-1.415665883156977856e+01
2.495152000000000000e+06,-1.327465031850497468e+01
2.496088000000000000e+06,-1.696605755230939394e+01
2.497020000000000000e+06,-1.636838030205715455e+01
2.497956000000000000e+06,-2.073407035572649804e+01
2.498892000000000000e+06,-1.273546394666669457e+01
2.499828000000000000e+06,-1.667434115134814832e+01
2.500760000000000000e+06,-1.900079330245991116e+01
2.501696000000000000e+06,-1.444612415632749425e+01
2.502632000000000000e+06,-1.671408542902529604e+01
2.503568000000000000e+06,-1.883668212980615664e+01
2.504500000000000000e+06,-1.873169374510445095e+01
2.505436000000000000e+06,-6.542869917617181841e+00
2.506372000000000000e+06,-1.871294714436763940e+01
2.507308000000000000e+06,-1.220366271297709737e+01
2.508240000000000000e+06,-1.296193624060338578e+01
2.509176000000000000e+06,-1.770558447919887612e+01
2.510112000000000000e+06,-1.595292891565738991e+01
2.511048000000000000e+06,-1.686106916760768826e+01
2.511980000000000000e+06,-2.052859573873015009e+01
2.512916000000000000e+06,-1.302267819522087855e+01
2.513852000000000000e+06,-2.053309789113720996e+01
2.514788000000000000e+06,-8.967451143249592249e+00
2.515720000000000000e+06,-2.062683089482125709e+01
2.516656000000000000e+06,-1.522989751330118757e+01
2.517592000000000000e+06,-1.675608078290597902e+01
2.518528000000000000e+06,-1.290119428598589302e+01
2.519460000000000000e+06,-1.698192116730458778e+01
2.520396000000000000e+06,-1.935487082470409348e+01
2.521332000000000000e+06,-1.535074951299808532e+01
2.522268000000000000e+06,-1.770558447919887612e+01
2.523200000000000000e+06,-1.335413887385927723e+01
2.524136000000000000e+06,-1.360385992093983987e+01
2.525072000000000000e+06,-1.404030898427994600e+01
2.526008000000000000e+06,-1.720839346124127545e+01
2.526940000000000000e+06,-1.298518499374725899e+01
2.527876000000000000e+06,-1.624014316421157389e+01
2.528812000000000000e+06,-1.702616759738880248e+01
2.529748000000000000e+06,-1.877594017518866210e+01
2.530680000000000000e+06,-1.702616759738880248e+01
2.531616000000000000e+06,-1.141700637026178278e+01
2.532552000000000000e+06,-1.588768480863283550e+01
2.533488000000000000e+06,-1.624239424041510560e+01
2.534420000000000000e+06,-2.623374104574474330e+01
2.535356000000000000e+06,-1.352437136558553910e+01
2.536292000000000000e+06,-9.415893578715909484e+00
2.537228000000000000e+06,-2.015739078241459836e+01
2.538160000000000000e+06,-2.042810950643550427e+01
2.539096000000000000e+06,-1.057249105867059846e+01
2.540032000000000000e+06,-1.316741085759973551e+01
2.540968000000000000e+06,-1.316741085759973551e+01
2.541900000000000000e+06,-2.017613738315140637e+01
2.542836000000000000e+06,-1.621914548727123062e+01
2.543772000000000000e+06,-2.104228228122102351e+01
2.544708000000000000e+06,-1.858407809698397273e+01
2.545640000000000000e+06,-7.399272519764116041e+00
2.546576000000000000e+06,-2.075506803266683775e+01
2.547512000000000000e+06,-1.630313619503259659e+01
2.548448000000000000e+06,-1.508966700332939581e+01
2.549380000000000000e+06,-2.110527531204204621e+01
2.550316000000000000e+06,-2.114501958971919748e+01
2.551252000000000000e+06,-1.743936790758503008e+01
2.552188000000000000e+06,-1.953934776476010526e+01
2.553120000000000000e+06,-1.927088011694272751e+01
2.554056000000000000e+06,-1.207992772753858013e+01
2.554992000000000000e+06,-1.418729272286233645e+01
2.555928000000000000e+06,-1.916300874649940411e+01
2.556860000000000000e+06,-1.275646162360703606e+01
2.557796000000000000e+06,-1.828163214297268624e+01
2.558732000000000000e+06,-1.669020476634333860e+01
2.559668000000000000e+06,-1.224115591445071516e+01
2.560600000000000000e+06,-1.005493427331074585e+01
2.561536000000000000e+06,-1.424064953933114275e+01
2.562472000000000000e+06,-1.758184949376035888e+01
2.563408000000000000e+06,-1.645011993361498526e+01
2.564340000000000000e+06,-2.789101562529824552e+00
2.565276000000000000e+06,-1.162022991105460257e+01
2.566212000000000000e+06,-1.385069798227878657e+01
2.567148000000000000e+06,-1.141700637026178278e+01
2.568080000000000000e+06,-1.028077465770934928e+01
2.569016000000000000e+06,-1.226215359139105487e+01
2.569952000000000000e+06,-1.118891490965964763e+01
2.570888000000000000e+06,-1.345849534902289513e+01
2.571820000000000000e+06,-1.531388822106255354e+01
2.572756000000000000e+06,-1.584794053095568245e+01
2.573692000000000000e+06,-1.741323616869954094e+01
2.574628000000000000e+06,-9.709229146342602590e+00
2.575560000000000000e+06,-1.601367087027488267e+01
2.576496000000000000e+06,-1.133364757203850637e+01
2.577432000000000000e+06,-1.387232756875721407e+01
2.578368000000000000e+06,-1.840473521887311392e+01
2.579300000000000000e+06,-1.640812457973430583e+01
2.580236000000000000e+06,-1.354086689011881539e+01
2.581172000000000000e+06,-1.288019660904555153e+01
2.582108000000000000e+06,-1.518790215942050636e+01
2.583040000000000000e+06,-2.017613738315140637e+01
2.583976000000000000e+06,-1.255323808281421805e+01
2.584912000000000000e+06,1.840553986549828380e+00
2.585848000000000000e+06,-1.133589864824203630e+01
2.586780000000000000e+06,-1.259136319382592362e+01
2.587716000000000000e+06,-1.234614429915242084e+01
2.588652000000000000e+06,-1.430364257015216722e+01
2.589588000000000000e+06,-1.288019660904555153e+01
2.590520000000000000e+06,-1.104418224728079068e+01
2.591456000000000000e+06,-1.933162207156021850e+01
2.592392000000000000e+06,-1.547673557464013427e+01
2.593328000000000000e+06,-1.652960848896929136e+01
2.594260000000000000e+06,-9.585494160904085348e+00
2.595196000000000000e+06,-1.511354766601135502e+01
2.596132000000000000e+06,-1.360160884473630993e+01
2.597068000000000000e+06,-1.541374254381910980e+01
2.598000000000000000e+06,-1.211742092901219792e+01
2.598936000000000000e+06,-1.481894827930848990e+01
2.599872000000000000e+06,-9.231416638659901253e+00
2.600808000000000000e+06,-1.308792230224543474e+01
2.601740000000000000e+06,-2.104228228122102351e+01
2.602676000000000000e+06,-9.086683976281044295e+00
2.603612000000000000e+06,-1.684007149066734499e+01
2.604548000000000000e+06,-1.485869255698563940e+01
2.605480000000000000e+06,-1.525089519024152906e+01
2.606416000000000000e+06,-1.036251428926718532e+01
2.607352000000000000e+06,-1.588993588483636543e+01
2.608288000000000000e+06,-1.397443296771730203e+01
2.609220000000000000e+06,-1.592968016251351671e+01
2.610156000000000000e+06,-1.121216366280352084e+01
2.611092000000000000e+06,-1.331439459618212418e+01
2.612028000000000000e+06,-8.306780862176328384e+00
2.612960000000000000e+06,-1.401931130733960451e+01
2.613896000000000000e+06,-1.327465031850497468e+01
2.614832000000000000e+06,-1.377184133646257180e+01
2.615768000000000000e+06,-1.249024505199319357e+01
2.616700000000000000e+06,-1.726913541585876644e+01
2.617636000000000000e+06,-1.337738762700314865e+01
2.618572000000000000e+06,-1.502955695824998905e+01
2.619508000000000000e+06,-1.570320786857682549e+01
2.620440000000000000e+06,-2.023687933776889736e+01
2.621376000000000000e+06,-1.397218189151376855e+01
2.622312000000000000e+06,-1.228026828258977865e+01
2.623248000000000000e+06,-8.904458112428567773e+00
2.625116000000000000e+06,-1.686557132001475168e+01
2.626052000000000000e+06,-1.749785878599899291e+01
2.626988000000000000e+06,-1.306467354910156153e+01
2.627920000000000000e+06,-1.269635157852762930e+01
2.628856000000000000e+06,-1.389044225995593607e+01
2.629792000000000000e+06,-1.618165228579761461e+01
2.630728000000000000e+06,-9.090554219150021709e+00
2.631660000000000000e+06,-6.305668070630451538e+00
2.632596000000000000e+06,-8.306780862176328384e+00
2.633532000000000000e+06,-1.426389829247501773e+01
2.634468000000000000e+06,-1.611127411682790722e+01
2.635400000000000000e+06,-2.923436993515096205e+01
2.636336000000000000e+06,-1.592968016251351671e+01
2.637272000000000000e+06,-1.086195638342831415e+01
2.638208000000000000e+06,-9.007195420926741747e+00
2.639140000000000000e+06,-1.599267319333454118e+01
2.640076000000000000e+06,-1.325140156536109970e+01
2.641012000000000000e+06,-1.647111761055532853e+01
2.641948000000000000e+06,-1.069397496790558222e+01
2.642880000000000000e+06,-1.220141163677356388e+01
2.643816000000000000e+06,-1.255098700661068634e+01
2.644752000000000000e+06,-4.701615412336803246e+00
2.645688000000000000e+06,-8.860211682344351303e+00
2.646620000000000000e+06,-8.306780862176328384e+00
2.647556000000000000e+06,-8.327778539116669876e+00
2.648492000000000000e+06,-1.386944458301559457e+01
2.649428000000000000e+06,-1.545636980723788056e+01
2.650360000000000000e+06,-1.611415710256952494e+01
2.651296000000000000e+06,-1.042775839629173973e+01
2.652232000000000000e+06,-1.578783048587627924e+01
2.653168000000000000e+06,-9.541879640357958436e+00
2.654100000000000000e+06,-1.409366580074875408e+01
2.655036000000000000e+06,-8.489006726028803129e+00
2.655972000000000000e+06,-1.555910711573605631e+01
2.656908000000000000e+06,-1.621914548727123062e+01
2.657840000000000000e+06,-1.249024505199319357e+01
2.658776000000000000e+06,-1.683556933826028157e+01
2.659712000000000000e+06,-1.049075142711276420e+01
2.660648000000000000e+06,-1.448586843400464552e+01
2.661580000000000000e+06,-8.944202390105717271e+00
2.662516000000000000e+06,-1.362422568834209535e+01
2.663452000000000000e+06,-1.451650232529720164e+01
2.664388000000000000e+06,-1.091947810090216908e+00
2.665320000000000000e+06,-8.533253156113017823e+00
2.666256000000000000e+06,-1.325140156536109970e+01
2.667192000000000000e+06,-1.042775839629173973e+01
2.668128000000000000e+06,-9.438510422321694904e+00
2.669060000000000000e+06,-1.327239924230144119e+01
2.669996000000000000e+06,-1.230126595953012014e+01
2.670932000000000000e+06,-1.022516676503700772e+01
2.671868000000000000e+06,-9.952196964812570101e+00
2.672800000000000000e+06,-8.390771569937694352e+00
2.673736000000000000e+06,-7.272654548583981970e+00
2.674672000000000000e+06,-1.642398819472949612e+01
2.675608000000000000e+06,-2.022551787518077049e+01
2.676540000000000000e+06,-1.449262166261524065e+01
2.677476000000000000e+06,-1.077796567566694819e+01
2.678412000000000000e+06,-1.628213851809225687e+01
2.679348000000000000e+06,-1.481958018884657413e+01
2.680280000000000000e+06,-1.471395989460678244e+01
2.681216000000000000e+06,-1.570320786857682549e+01
2.682152000000000000e+06,-1.580882816281661896e+01
2.683088000000000000e+06,-9.172925760245941973e+00
2.684020000000000000e+06,-1.238813965303310383e+01
2.684956000000000000e+06,-1.933099016202213605e+01
2.685892000000000000e+06,-1.673508310596563931e+01
2.686828000000000000e+06,-1.372471192063673762e+01
2.687760000000000000e+06,-1.652960848896929136e+01
2.688696000000000000e+06,-1.599267319333454118e+01
2.690568000000000000e+06,-9.831344965115674128e+00
2.691500000000000000e+06,-1.236425899035114462e+01
2.692436000000000000e+06,-1.481894827930848990e+01
2.693372000000000000e+06,-1.145675064793893405e+01
2.694308000000000000e+06,-1.671408542902529604e+01
2.695240000000000000e+06,-1.671408542902529604e+01
2.696176000000000000e+06,-1.204081535939951664e+01
2.697112000000000000e+06,-1.024166228957028579e+01
2.698048000000000000e+06,-1.551936283805890326e+01
2.698980000000000000e+06,-1.982593010377620146e+01
2.699916000000000000e+06,-1.306917570150862495e+01
2.700852000000000000e+06,-1.683782041446381328e+01
2.701788000000000000e+06,-1.455624660297435291e+01
2.702720000000000000e+06,-1.413791223083296877e+01
2.703656000000000000e+06,-1.053562976673506490e+01
2.704592000000000000e+06,-1.745361235591477822e+01
2.705528000000000000e+06,-1.333539227312246567e+01
2.706460000000000000e+06,-1.399831363039926302e+01
2.707396000000000000e+06,-6.494647163093524078e+00
2.708332000000000000e+06,-1.075759990826469270e+01
2.709268000000000000e+06,-1.366460187555733441e+01
2.710200000000000000e+06,-9.130930406365258989e+00
2.711136000000000000e+06,-1.288019660904555153e+01
2.712072000000000000e+06,-1.714828341616187046e+01
2.713008000000000000e+06,-1.340063638014702363e+01
2.713940000000000000e+06,-1.263786070011367002e+01
2.714876000000000000e+06,-1.012531244228045324e+01
2.715812000000000000e+06,-1.432464024709250872e+01
2.716748000000000000e+06,-1.160950035800456170e+01
2.717680000000000000e+06,-9.317658422624798931e+00
2.718616000000000000e+06,-9.917586749080571806e+00
2.719552000000000000e+06,-9.541879640357958436e+00
2.720488000000000000e+06,-1.440926286439196247e+01
2.721420000000000000e+06,-1.345687618235745120e+01
2.722356000000000000e+06,-1.698705522924973721e+01
2.723292000000000000e+06,-1.152037558829804631e+01
2.724228000000000000e+06,-9.133181482568790699e+00
2.725160000000000000e+06,-1.574295214625397676e+01
2.726096000000000000e+06,-1.244824969811251059e+01
2.727032000000000000e+06,-1.030465532039130849e+01
2.727968000000000000e+06,-1.481894827930848990e+01
2.728900000000000000e+06,-9.870457333254735843e+00
2.729836000000000000e+06,-1.312991765612611772e+01
2.730772000000000000e+06,-1.226215359139105487e+01
2.731708000000000000e+06,-8.843716157811075007e+00
2.732640000000000000e+06,-7.852217107637497584e+00
2.733576000000000000e+06,-1.428264489321182573e+01
2.734512000000000000e+06,-2.128750117589452273e+01
2.735448000000000000e+06,-1.102318457034044918e+01
2.736380000000000000e+06,-1.255161891614877057e+01
2.737316000000000000e+06,-1.257198468355102783e+01
2.738252000000000000e+06,-1.419865418545046154e+01
2.739188000000000000e+06,-8.760357359587795045e+00
2.740120000000000000e+06,-9.252414315600242745e+00
2.741056000000000000e+06,-6.305668070630451538e+00
2.741992000000000000e+06,-1.242500094496863738e+01
2.742928000000000000e+06,-9.751856409761371580e+00
2.743860000000000000e+06,-1.481894827930848990e+01
2.744796000000000000e+06,-1.160436629605941050e+01
2.745732000000000000e+06,-2.152297777464534434e+01
2.746668000000000000e+06,-8.923204713165375779e+00
2.747600000000000000e+06,-1.168322294187562527e+01
2.748536000000000000e+06,-1.083870763028443918e+01
2.749472000000000000e+06,-1.325140156536109970e+01
2.750408000000000000e+06,-4.490019476267944398e+00
2.751340000000000000e+06,-1.125415901668420382e+01
2.752276000000000000e+06,-1.255098700661068634e+01
2.753212000000000000e+06,-4.469021799327602906e+00
2.754148000000000000e+06,-5.029205848106223620e+00
2.756016000000000000e+06,-9.007195420926741747e+00
2.756952000000000000e+06,-1.046750267396889100e+01
2.757888000000000000e+06,-5.129692080400866772e+00
2.758820000000000000e+06,-4.779484801025659202e+00
2.759756000000000000e+06,-1.296418731680691749e+01
2.760692000000000000e+06,-7.049697149926994477e+00
2.761628000000000000e+06,-1.147838023441736333e+01
2.762560000000000000e+06,-1.053049570478991548e+01
2.763496000000000000e+06,-9.746722347816220378e+00
2.764432000000000000e+06,-1.698255307684267024e+01
2.765368000000000000e+06,-4.959459588674604014e+00
2.766300000000000000e+06,-1.613740585571339992e+01
2.767236000000000000e+06,-8.986197743986400255e+00
2.768172000000000000e+06,-5.976458468195585461e+00
2.769108000000000000e+06,-1.133589864824203630e+01
2.770040000000000000e+06,-6.160935408251593692e+00
2.770976000000000000e+06,-9.273411992540584237e+00
2.771912000000000000e+06,-9.483388761943997380e+00
2.772848000000000000e+06,-4.798231401762468096e+00
2.773780000000000000e+06,-8.692230266821621143e+00
2.774716000000000000e+06,-4.021211273399371677e+00
2.775652000000000000e+06,-1.376445619831388889e+01
2.776588000000000000e+06,-1.129390329436135332e+01
2.777520000000000000e+06,-1.247213036079446979e+01
2.778456000000000000e+06,-5.787479375732512921e+00
2.779392000000000000e+06,-1.211678901947411369e+01
2.780328000000000000e+06,-1.109067975356853708e+01
2.781260000000000000e+06,-9.462391085003655888e+00
2.782196000000000000e+06,-1.168385485141371305e+01
2.783132000000000000e+06,-4.433779674057515940e+00
2.784068000000000000e+06,-1.137339184971565587e+01
2.785000000000000000e+06,-7.772728552283196812e+00
2.785936000000000000e+06,-1.325140156536109970e+01
2.786872000000000000e+06,-1.531388822106255354e+01
2.787808000000000000e+06,-1.234614429915242084e+01
2.788740000000000000e+06,-1.088070298416512216e+01
2.789676000000000000e+06,-1.214292075835960460e+01
2.790612000000000000e+06,-1.102543564654397912e+01
2.791548000000000000e+06,-1.100668904580717111e+01
2.792480000000000000e+06,-1.630313619503259659e+01
2.793416000000000000e+06,-1.162473206346166599e+01
2.794352000000000000e+06,-1.413566115462943706e+01
2.795288000000000000e+06,-7.163164011475210202e+00
2.796220000000000000e+06,-1.362485759788018136e+01
2.797156000000000000e+06,-1.374634150711516689e+01
2.798092000000000000e+06,-1.562210014655708079e+01
2.799028000000000000e+06,-1.372534383017482540e+01
2.799960000000000000e+06,-1.345687618235745120e+01
2.800896000000000000e+06,-1.356186456705915688e+01
2.801832000000000000e+06,-9.357402700301948428e+00
2.802768000000000000e+06,-1.809328496004770059e+01
2.803700000000000000e+06,-1.403742599853832651e+01
2.804636000000000000e+06,-1.082509509149278060e+01
2.805572000000000000e+06,-6.558272103452634560e+00
2.806508000000000000e+06,-9.481137685740465670e+00
2.807440000000000000e+06,-1.327239924230144119e+01
2.808376000000000000e+06,-1.386944458301559457e+01
2.809312000000000000e+06,-8.368154726331903603e+00
2.810248000000000000e+06,-9.315407346421265444e+00
2.811180000000000000e+06,-6.389658778391817506e+00
2.812116000000000000e+06,-7.441899783182885031e+00
2.813052000000000000e+06,-1.430364257015216722e+01
2.813988000000000000e+06,-1.372534383017482540e+01
2.814920000000000000e+06,-2.660758343113778235e+00
2.815856000000000000e+06,-4.639254291053865664e+00
2.816792000000000000e+06,-1.133589864824203630e+01
2.817728000000000000e+06,-1.088358596990673988e+01
2.818660000000000000e+06,-1.640362242732724241e+01
2.819596000000000000e+06,-1.175135003464180095e+01
2.820532000000000000e+06,-9.401649130386164899e+00
2.821468000000000000e+06,-1.522989751330118757e+01
2.822400000000000000e+06,-1.327239924230144119e+01
2.823336000000000000e+06,-9.751856409761371580e+00
2.824272000000000000e+06,-5.831725805816727615e+00
2.825208000000000000e+06,-9.147425930898535285e+00
2.826140000000000000e+06,-6.760863734707365680e+00
2.827076000000000000e+06,-1.096469369192648813e+01
2.828012000000000000e+06,-1.386944458301559457e+01
2.828948000000000000e+06,-1.467484752646771717e+01
2.829880000000000000e+06,-1.440863095485387468e+01
2.830816000000000000e+06,-4.349788966296149972e+00
2.831752000000000000e+06,-1.213841860595253941e+01
2.832688000000000000e+06,-1.109067975356853708e+01
2.833620000000000000e+06,-1.995930130356693155e+01
2.834556000000000000e+06,-1.010431476534011175e+01
2.835492000000000000e+06,-9.462391085003655888e+00
2.836428000000000000e+06,-1.043064138203335744e+01
2.837360000000000000e+06,-9.210418961719559761e+00
2.838296000000000000e+06,-8.368154726331903603e+00
2.839232000000000000e+06,-1.358286224399949838e+01
2.840168000000000000e+06,-1.230928300721689084e+01
2.841100000000000000e+06,-1.112817295504215487e+01
2.842036000000000000e+06,-1.324915048915756977e+01
2.842972000000000000e+06,-8.741610758850985263e+00
2.843908000000000000e+06,-1.173035235770145945e+01
2.844840000000000000e+06,-1.039152901389429395e+01
2.845776000000000000e+06,-4.858973356379960862e+00
2.846712000000000000e+06,-8.573629343328255104e+00
2.847648000000000000e+06,-8.552631666387913612e+00
2.848580000000000000e+06,-1.172585020529439603e+01
2.849516000000000000e+06,-6.181933085191935184e+00
2.850452000000000000e+06,-2.660758343113778235e+00
2.851388000000000000e+06,-4.492270552471476108e+00
2.852320000000000000e+06,-1.086195638342831415e+01
2.853256000000000000e+06,-1.185120435739835720e+01
2.854192000000000000e+06,-5.337417773600749094e+00
2.855128000000000000e+06,-9.073071437489383939e+00
2.856060000000000000e+06,-1.663459687367099704e+01
2.856996000000000000e+06,-1.385358096802040606e+01
2.857932000000000000e+06,-8.818216328463670095e+00
2.858868000000000000e+06,-5.563890067537439421e+00
2.859800000000000000e+06,-6.100193453634101814e+00
2.860736000000000000e+06,-1.586893820789602394e+01
2.861672000000000000e+06,-1.387232756875721407e+01
2.862608000000000000e+06,-7.891961385314648858e+00
2.863540000000000000e+06,-1.379283901340291330e+01
2.864476000000000000e+06,-1.100668904580717111e+01
2.865412000000000000e+06,7.036903644593079932e-01
2.866348000000000000e+06,-9.252414315600242745e+00
2.867280000000000000e+06,-1.271960033167150250e+01
2.868216000000000000e+06,-6.284670393690110046e+00
2.869152000000000000e+06,-5.360666526744622296e+00
2.870088000000000000e+06,-5.832357715354813621e+00
2.871020000000000000e+06,-4.469021799327602906e+00
2.871956000000000000e+06,-1.247213036079446979e+01
2.872892000000000000e+06,-1.327239924230144119e+01
2.873828000000000000e+06,-1.343524659587902192e+01
2.874760000000000000e+06,-8.907341098170185489e+00
2.875696000000000000e+06,-5.192685111221891248e+00
2.876632000000000000e+06,-1.271960033167150250e+01
2.877568000000000000e+06,-8.038945123897038414e+00
2.878500000000000000e+06,-5.686993143437869769e+00
2.879436000000000000e+06,-9.980579779901596282e+00
2.880372000000000000e+06,4.517182411752111437e-01
2.881308000000000000e+06,-9.667233792461919606e+00
2.882240000000000000e+06,-1.115142170818602807e+01
2.883176000000000000e+06,-3.937220565638005709e+00
2.884112000000000000e+06,-1.290119428598589302e+01
2.885048000000000000e+06,-1.219627757482841446e+01
2.885980000000000000e+06,-6.242675039809427062e+00
2.886916000000000000e+06,-1.028654062919258827e+01
2.887852000000000000e+06,-5.584887744477780913e+00
2.888788000000000000e+06,-1.226215359139105487e+01
2.889720000000000000e+06,-8.181426710072363662e+00
2.890656000000000000e+06,-5.832357715354813621e+00
2.891592000000000000e+06,-1.168835700382077647e+01
2.892528000000000000e+06,-8.675734742288343071e+00
2.893460000000000000e+06,-1.356186456705915688e+01
2.894396000000000000e+06,-1.364297228907890336e+01
2.895332000000000000e+06,-6.281787407948491442e+00
2.896268000000000000e+06,-1.376733918405550838e+01
2.897200000000000000e+06,-9.378400377242289920e+00
2.898136000000000000e+06,-5.192685111221891248e+00
2.899072000000000000e+06,-6.326665747570793030e+00
2.900008000000000000e+06,-4.819229078702809588e+00
2.900940000000000000e+06,-1.958724617697917836e+00
2.901876000000000000e+06,-1.385132989181687257e+01
2.902812000000000000e+06,-1.914478187613702698e+00
2.903748000000000000e+06,-1.209417217586832471e+01
2.904680000000000000e+06,-1.179334538852248393e+01
2.905616000000000000e+06,-1.193357589849427924e+01
2.906552000000000000e+06,-1.180758983685223029e+01
2.907488000000000000e+06,-3.937220565638005709e+00
2.908420000000000000e+06,-4.989461570429073234e+00
2.909356000000000000e+06,-9.499884286477275452e+00
2.910292000000000000e+06,-6.284670393690110046e+00
2.911228000000000000e+06,-5.794864513881194945e+00
2.912160000000000000e+06,-6.349914500714666232e+00
2.913096000000000000e+06,1.296233552766397290e+00
2.914032000000000000e+06,-9.604872671178981136e+00
2.914968000000000000e+06,2.388218835234615867e+00
2.915900000000000000e+06,-1.191257822155393775e+01
2.916836000000000000e+06,-8.695113252563238859e+00
2.917772000000000000e+06,-3.379919502601002712e+00
2.918708000000000000e+06,-3.274931117899295696e+00
2.919640000000000000e+06,-5.400410804421773570e+00
2.920576000000000000e+06,-4.634752138646801356e+00
2.921512000000000000e+06,-1.403674630864446993e+00
2.922448000000000000e+06,4.959646712594260043e-01
2.923380000000000000e+06,-1.392856737096764164e+01
2.924316000000000000e+06,-1.455912958871597063e+01
2.925252000000000000e+06,-1.139438952665599736e+01
2.926188000000000000e+06,-4.408279844710111028e+00
2.927120000000000000e+06,-4.498036523954713317e+00
2.928056000000000000e+06,1.113375779375834540e+00
2.928992000000000000e+06,-4.926468539608048758e+00
2.929928000000000000e+06,4.772180705226166664e-01
2.930860000000000000e+06,5.605683804225312983e+00
2.931796000000000000e+06,-1.338430523839890807e+00
2.932732000000000000e+06,5.934893406660179060e+00
2.933668000000000000e+06,-3.172193809401120390e+00
2.934600000000000000e+06,1.024729505360796877e-03
2.935536000000000000e+06,1.272352890084437194e+00
2.936472000000000000e+06,1.024729505360796877e-03
2.937408000000000000e+06,-1.198200013868097047e+00
2.938340000000000000e+06,-1.380425877720573569e+00
2.939276000000000000e+06,1.811539261922717525e+00
2.940212000000000000e+06,5.873519542504601176e+00
2.941148000000000000e+06,2.252459472385198724e-01
2.942080000000000000e+06,4.452956567139602306e+00
2.943016000000000000e+06,-3.094382721926959845e-01
2.943952000000000000e+06,7.434346421364587121e-01
2.944888000000000000e+06,4.266228550880061476e+00
2.945820000000000000e+06,4.839712991332130176e-01
2.946756000000000000e+06,-5.727369330653107049e+00
2.947692000000000000e+06,4.515949597960625894e+00
2.948628000000000000e+06,2.369472234497806973e+00
2.949560000000000000e+06,8.875353949772297746e-01
2.950496000000000000e+06,8.739158065454644131e+00
2.951432000000000000e+06,7.439447089786543010e+00
2.952368000000000000e+06,-2.392922604834490485e+00
2.953300000000000000e+06,5.379600251401088773e-01
2.954236000000000000e+06,2.658305649717436214e+00
2.955172000000000000e+06,5.770723932791729238e-01
2.956108000000000000e+06,7.112488563555209531e+00
2.957040000000000000e+06,4.389963536318577830e+00
2.957976000000000000e+06,5.712923265130552153e+00
2.958912000000000000e+06,2.455714018462704651e+00
2.959848000000000000e+06,-5.234680465102574232e+00
2.960780000000000000e+06,-4.861224432583492572e+00
2.961716000000000000e+06,2.369472234497806973e+00
2.962652000000000000e+06,-2.492776927591047187e+00
2.963588000000000000e+06,2.560702403164411667e+00
2.964520000000000000e+06,6.004639666091799555e+00
2.965456000000000000e+06,2.616942205374839681e+00
2.966392000000000000e+06,-5.232429388899042522e+00
2.967328000000000000e+06,5.918397882126901877e+00
2.968260000000000000e+06,4.224233196999378492e+00
2.969196000000000000e+06,2.637939882315181173e+00
2.970132000000000000e+06,3.011395914834261944e+00
2.971068000000000000e+06,6.147121252267125691e+00
2.972000000000000000e+06,-2.635258513766372879e+00
2.972936000000000000e+06,1.093641921511666171e+00
2.973872000000000000e+06,4.082383520362139251e+00
2.974808000000000000e+06,1.673869783626464325e-01
2.975740000000000000e+06,-8.703485647839281469e+00
2.976676000000000000e+06,-3.150564222922692892e+00
2.977612000000000000e+06,1.219627983153714679e+00
2.978548000000000000e+06,-3.852597948338552847e+00
2.979480000000000000e+06,-3.605127977461520583e+00
2.980416000000000000e+06,-1.052536164284476250e+01
2.981352000000000000e+06,-9.515115991934379736e+00
2.982288000000000000e+06,-4.033871483723550089e-02
2.983220000000000000e+06,-1.852472413920037697e+00
2.984156000000000000e+06,-4.811105949445574126e+00
2.985092000000000000e+06,-9.314775436883179438e+00
2.986028000000000000e+06,-2.884347651308850846e+00
2.986960000000000000e+06,-2.196815929480931961e-01
2.987896000000000000e+06,-3.334409253440614229e+00
2.988832000000000000e+06,-3.707865285959695001e+00
2.989768000000000000e+06,-5.460520849501178553e+00
2.990700000000000000e+06,-5.339036940266193909e+00
2.991636000000000000e+06,3.009144838630729790e+00
2.992572000000000000e+06,1.548837585588580756e+00
2.993508000000000000e+06,-4.368535567032959754e+00
2.994440000000000000e+06,-1.235693215341715723e+00
2.995376000000000000e+06,-7.132424038612187545e+00
2.996312000000000000e+06,-7.583749459820124272e+00
2.997252000000000000e+06,-8.512255479172676331e+00
2.998180000000000000e+06,-4.160809873833077432e+00
2.999116000000000000e+06,-4.511017153208285890e+00
3.000052000000000000e+06,-8.755223297642645619e+00
3.000988000000000000e+06,-4.842477831846683678e+00
3.001920000000000000e+06,-4.387282167769769536e+00
3.002856000000000000e+06,-8.457416582893575452e-01
3.003792000000000000e+06,1.320114215448357164e+00
3.004728000000000000e+06,1.037402119301238379e+00
3.005660000000000000e+06,-2.637509589969905033e+00
3.006596000000000000e+06,-7.971449940668950518e+00
3.007532000000000000e+06,-7.601864151018848048e+00
3.008468000000000000e+06,-5.255678142042915724e+00
3.009400000000000000e+06,-1.524526630561344742e+00
3.010336000000000000e+06,-4.202805227713760416e+00
3.011272000000000000e+06,-4.345286813889086552e+00
3.012208000000000000e+06,-2.842352297428168306e+00
3.013140000000000000e+06,-3.621623501994797767e+00
3.014076000000000000e+06,1.072644244571324679e+00
3.015012000000000000e+06,-1.662485457774831588e+01
3.015948000000000000e+06,1.367178539651320435e+01
3.016880000000000000e+06,-3.092705254046819174e+00
3.017816000000000000e+06,1.732682616106502538e+00
3.018756000000000000e+06,8.064276729574828551e-01
3.019688000000000000e+06,-5.165320558544914675e-01
3.020620000000000000e+06,4.982157474629581029e-01
3.021556000000000000e+06,2.436967417725895313e+00
3.022492000000000000e+06,-4.673864506785865736e+00
3.023428000000000000e+06,-9.455959810459138026e-01
3.024360000000000000e+06,3.914402104839408203e+00
3.025296000000000000e+06,-5.276675818983257216e+00
3.026232000000000000e+06,-3.605759886999607478e+00
3.027168000000000000e+06,-4.202805227713760416e+00
3.028100000000000000e+06,-4.324289136948745060e+00
3.029036000000000000e+06,-3.600625825054456275e+00
3.029972000000000000e+06,9.114160576591898710e-01
3.030908000000000000e+06,1.133386199188816779e+00
3.031840000000000000e+06,-2.819735453822381110e+00
3.032776000000000000e+06,4.742421891897317998e+00
3.033712000000000000e+06,2.229241724526012991e+00
3.034648000000000000e+06,2.927411304666083236e-01
3.035580000000000000e+06,-4.819229078702809588e+00
3.036516000000000000e+06,2.768428096364293545e+00
3.037452000000000000e+06,1.200881382416905119e+00
3.038388000000000000e+06,-4.429277521650451632e+00
3.039320000000000000e+06,-9.462278905840002530e-01
3.040264000000000000e+06,-9.665936579862552946e-01
3.041192000000000000e+06,6.615297545597611517e+00
3.042128000000000000e+06,1.240893571278063767e+01
3.043060000000000000e+06,8.472941493840803417e+00
3.043996000000000000e+06,2.947770974475151462e+00
3.044932000000000000e+06,5.460951141846455137e+00
3.045868000000000000e+06,4.219099135054228178e+00
3.046800000000000000e+06,-4.392416229714919851e+00
3.047736000000000000e+06,-8.426013695207778653e+00
3.048672000000000000e+06,1.177632629273031695e+00
3.049608000000000000e+06,9.007625713272018331e+00
3.050540000000000000e+06,3.009144838630729790e+00
3.051476000000000000e+06,1.144356840149255383e+01
3.052412000000000000e+06,7.231721396586661577e+00
3.053348000000000000e+06,5.050633817391842584e+00
3.054280000000000000e+06,1.728180463699438230e+00
3.055216000000000000e+06,1.692160950503236805e+01
3.056152000000000000e+06,8.228354508705388426e+00
3.057088000000000000e+06,4.224233196999378492e+00
3.058020000000000000e+06,3.748039855982122859e+00
3.058956000000000000e+06,6.009530559611330203e-01
3.059892000000000000e+06,2.507457765859255616e-01
3.060828000000000000e+06,5.689674511986678951e+00
3.061768000000000000e+06,7.275967826670876271e+00
3.062696000000000000e+06,7.479191367463694284e+00
3.063632000000000000e+06,-2.018834662777323707e+00
3.064568000000000000e+06,1.181576061493546170e+01
3.065500000000000000e+06,3.444961992432748588e+00
3.066436000000000000e+06,6.534189823577865042e+00
3.067372000000000000e+06,4.555693875637777168e+00
3.068308000000000000e+06,-4.302902718895937340e-01
3.069240000000000000e+06,7.028497855793843563e+00
3.070176000000000000e+06,4.060753933883711753e+00
3.071112000000000000e+06,2.988147161690388298e+00
3.072048000000000000e+06,-2.018834662777323707e+00
3.072980000000000000e+06,1.093641921511666171e+00
3.073916000000000000e+06,9.525814408169956948e+00
3.074852000000000000e+06,7.642038721041275018e+00
3.075788000000000000e+06,1.222220769652109595e+01
3.076720000000000000e+06,9.441191790870504974e+00
3.077656000000000000e+06,1.769543908042034763e+00
3.078592000000000000e+06,-3.911779037505296319e-01
3.079528000000000000e+06,-2.411669205571300267e+00
3.080460000000000000e+06,3.706044502101440319e+00
3.081396000000000000e+06,8.388950786079437449e+00
3.082332000000000000e+06,4.305972828557211862e+00
3.083272000000000000e+06,-2.044498874909889685e-01
3.084200000000000000e+06,-4.860592523045405677e+00
3.085136000000000000e+06,-3.668121008282544615e+00
3.086072000000000000e+06,-5.087064816982097781e+00
3.087008000000000000e+06,-1.052536164284476250e+01
3.087940000000000000e+06,-3.418399961201980197e+00
3.088876000000000000e+06,-5.626251188820377891e+00
3.089812000000000000e+06,-6.573503808909738844e+00
3.090748000000000000e+06,-4.637003214850333954e+00
3.091680000000000000e+06,-1.292444303912976800e+01
3.092616000000000000e+06,5.544941849607821105e+00
3.093552000000000000e+06,-2.238272479169363294e+01
3.094488000000000000e+06,-1.551873092852081726e+01
3.095420000000000000e+06,2.285481526736441449e+00
3.096356000000000000e+06,-6.809612317198645570e+00
3.097292000000000000e+06,-1.475307226274584593e+01
3.098228000000000000e+06,-1.077733376612886040e+01
3.099160000000000000e+06,-3.064916693903272105e+01
3.100096000000000000e+06,-3.143294029600641792e+01
3.101032000000000000e+06,-3.225258768778828511e+01
3.101968000000000000e+06,-2.860767796027161225e+01
3.102900000000000000e+06,-2.663143308853505431e+01
3.103836000000000000e+06,-2.121701692535435058e+01
3.104776000000000000e+06,-1.725714204373255711e+01
3.105708000000000000e+06,-2.543157643562350856e+01
3.106640000000000000e+06,-2.524484841936396862e+01
3.107576000000000000e+06,-2.764167873944544240e+01
3.108512000000000000e+06,-4.439590126611516041e+01
3.109448000000000000e+06,-4.655824224457317229e+01
3.110380000000000000e+06,-5.806314703784330788e+01
3.111316000000000000e+06,-5.849221096303472933e+01
3.112252000000000000e+06,-6.622910295288774307e+01
3.113188000000000000e+06,-7.379062838906936861e+01
3.114120000000000000e+06,-6.008012344438436969e+01
3.115056000000000000e+06,-7.647404104816693859e+01
3.115992000000000000e+06,-9.085981606984420011e+01
3.116928000000000000e+06,-1.185390254831412733e+02
3.117860000000000000e+06,-5.612605621700839720e+01
3.118796000000000000e+06,3.386009680861716475e+01
3.119732000000000000e+06,1.548139342950382797e+02
3.120668000000000000e+06,2.770902056823037469e+02
3.121600000000000000e+06,2.879122847800545060e+02
3.122536000000000000e+06,2.910492739365636226e+02
3.123472000000000000e+06,2.793230309113019416e+02
3.124408000000000000e+06,2.520327857979298471e+02
3.125340000000000000e+06,1.804477200878973804e+02
3.126284000000000000e+06,1.131203669795204263e+02
3.127212000000000000e+06,5.954326309350562951e+01
3.128148000000000000e+06,7.794156521568814888e+00
3.129080000000000000e+06,-1.238300559108795440e+01
3.130016000000000000e+06,-2.553269457745624038e+01
3.130952000000000000e+06,-2.969741216653630289e+01
3.131888000000000000e+06,-2.870816419256625807e+01
3.132820000000000000e+06,-1.551359686657566606e+01
3.133756000000000000e+06,-1.545798897390332449e+01
3.134692000000000000e+06,-8.980431772503163046e+00
3.135628000000000000e+06,8.461719506346334629e-01
3.136560000000000000e+06,8.081370770122997982e+00
3.137496000000000000e+06,1.319334097929241700e+01
3.138432000000000000e+06,2.440652937160129810e+01
3.139368000000000000e+06,1.991323408962445995e+01
3.140300000000000000e+06,1.927356148549153758e+01
3.141236000000000000e+06,1.298786636229606728e+01
3.142172000000000000e+06,3.568696977871264941e+00
3.143108000000000000e+06,4.683931013483357830e+00
3.144040000000000000e+06,2.462436241788612534e-01
3.144976000000000000e+06,-2.468896264909087535e+00
3.145912000000000000e+06,-7.973069107334396222e+00
3.146848000000000000e+06,-4.576261260232842076e+00
3.147788000000000000e+06,-8.071490205247272565e-02
3.148716000000000000e+06,1.100711933815244770e+01
3.149652000000000000e+06,7.668170459926766824e+00
3.150588000000000000e+06,1.240956762231872190e+01
3.151520000000000000e+06,7.605177429105742348e+00
3.152456000000000000e+06,6.268605161502109446e+00
3.153392000000000000e+06,5.607934880428845581e+00
3.154328000000000000e+06,4.410961213258919322e+00
3.155260000000000000e+06,5.281608263735598108e+00
3.156196000000000000e+06,1.509093307911429926e+00
3.157132000000000000e+06,7.936638107744141024e+00
3.158068000000000000e+06,6.558070486259825138e+00
3.159000000000000000e+06,7.544435474488250470e+00
3.159936000000000000e+06,1.302761063997321855e+01
3.160872000000000000e+06,7.359958534432241350e+00
3.161808000000000000e+06,8.186359154824705442e+00
3.162740000000000000e+06,3.192989869148651572e+00
3.163676000000000000e+06,1.261441032977698562e+01
3.164612000000000000e+06,1.968225964328070532e+01
3.165548000000000000e+06,1.240893571278063767e+01
3.166480000000000000e+06,1.286188030065401833e+01
3.167416000000000000e+06,8.514936847721486401e+00
3.168352000000000000e+06,7.378705135169051132e+00
3.169292000000000000e+06,5.584686127284971491e+00
3.170220000000000000e+06,1.113085432359096316e+01
3.171156000000000000e+06,1.249292642054200364e+01
3.172092000000000000e+06,5.340099142149557387e+00
3.173028000000000000e+06,1.755299459712289512e+00
3.173960000000000000e+06,-6.109829667986316437e+00
3.174896000000000000e+06,3.156128577213119790e+00
3.175832000000000000e+06,7.978633461624824008e+00
3.176768000000000000e+06,8.825399849419541809e+00
3.177700000000000000e+06,1.257241497589630264e+01
3.178636000000000000e+06,3.752542008389187167e+00
3.179572000000000000e+06,1.790541584982376255e+00
3.180508000000000000e+06,7.196479271316575499e+00
3.181440000000000000e+06,4.578942628781650370e+00
3.182376000000000000e+06,-1.459914433074874784e+00
3.183312000000000000e+06,1.380224260527763036e+00
3.184248000000000000e+06,-1.975220142231195020e+00
3.185180000000000000e+06,1.168977455329341275e+01
3.186116000000000000e+06,4.641935659602674846e+00
3.187052000000000000e+06,2.453462942259172497e+00
3.187988000000000000e+06,3.069254883710135218e+00
3.188920000000000000e+06,3.853660150221915881e+00
3.189856000000000000e+06,4.163491242381887503e+00
3.190796000000000000e+06,3.744807620244418600e-01
3.191728000000000000e+06,7.483693519870757704e+00
3.192660000000000000e+06,1.834788015066590949e+00
3.193596000000000000e+06,1.045143744178089129e+01
3.194532000000000000e+06,-2.038179779529025182e-01
3.195468000000000000e+06,7.894642753863458040e+00
3.196400000000000000e+06,3.909762865577189883e-01
3.197336000000000000e+06,-3.356038839919042616e+00
3.198272000000000000e+06,7.434346421364587121e-01
3.199208000000000000e+06,-8.412395058822932370e-01
3.200140000000000000e+06,4.287858137358489863e+00
3.201076000000000000e+06,-4.387282167769769536e+00
3.202012000000000000e+06,-1.529660692506495279e+00
3.202948000000000000e+06,5.155622202093550044e+00
3.203880000000000000e+06,4.410961213258919322e+00
3.204816000000000000e+06,7.059414406628400362e-01
3.205752000000000000e+06,-1.009220921405024507e+00
3.206688000000000000e+06,5.136875601356740262e+00
3.207620000000000000e+06,4.557944951841308878e+00
3.208556000000000000e+06,1.137888351595880865e+00
3.209492000000000000e+06,-1.235693215341715723e+00
3.210428000000000000e+06,-2.674370881905436814e+00
3.211360000000000000e+06,-1.643127554054710338e+00
3.212304000000000000e+06,9.069139052521255628e-01
3.213232000000000000e+06,-2.947972591667961773e+00
3.214168000000000000e+06,-3.481392992023004229e+00
3.215100000000000000e+06,-7.704601459517022022e+00
3.216036000000000000e+06,-2.840733130762722602e+00
3.216972000000000000e+06,-5.355532464799471981e+00
3.217908000000000000e+06,-5.352786565913006944e-01
3.218840000000000000e+06,1.774677969987185522e+00
3.219776000000000000e+06,1.024729505360796877e-03
3.220712000000000000e+06,1.051646567630983409e+00
3.221648000000000000e+06,-2.495028003794579341e+00
3.222580000000000000e+06,4.494951921020284402e+00
3.223516000000000000e+06,5.592071265433654403e+00
3.224452000000000000e+06,3.361603194209469514e+00
3.225388000000000000e+06,1.998267278182257689e+00
3.226320000000000000e+06,4.662933336543016338e+00
3.227256000000000000e+06,2.087504227052427441e-01
3.228192000000000000e+06,2.684437388602928021e+00
3.229128000000000000e+06,-2.261802481247291663e+00
3.230060000000000000e+06,-1.795245354582250652e+00
3.230996000000000000e+06,-2.225645786897117728e-01
3.231932000000000000e+06,-4.910322265070858339e-01
3.232868000000000000e+06,2.495458296139855481e+00
3.233808000000000000e+06,3.298610163388445038e+00
3.234736000000000000e+06,-5.332915621193683897e+00
3.235672000000000000e+06,-2.492776927591047187e+00
3.236608000000000000e+06,-2.855576095107359991e-01
3.237540000000000000e+06,1.074895320774856833e+00
3.238476000000000000e+06,4.847410276599024570e+00
3.239412000000000000e+06,2.518707049283728683e+00
3.240348000000000000e+06,1.247597149438771230e-01
3.241280000000000000e+06,-7.588679647863733058e-01
3.242216000000000000e+06,4.761168492634126892e+00
3.243152000000000000e+06,-4.325413480931257770e-01
3.244088000000000000e+06,-6.011546731539436639e-01
3.245020000000000000e+06,-3.139404245997602372e-01
3.245956000000000000e+06,7.590932980775996874e+00
3.246892000000000000e+06,3.156128577213119790e+00
3.247828000000000000e+06,-2.742497974671612049e+00
3.248760000000000000e+06,-1.501277877417471096e+00
3.249696000000000000e+06,-4.700345495667444529e-01
3.250632000000000000e+06,-4.821480154906342186e+00
3.251568000000000000e+06,1.883846553029878412e-01
3.252500000000000000e+06,-1.564270908238495350e+00
3.253436000000000000e+06,3.011395914834261944e+00
3.254372000000000000e+06,5.361096819089898879e+00
3.255312000000000000e+06,4.350219258641426556e+00
3.256240000000000000e+06,2.371723310701339127e+00
3.257176000000000000e+06,5.134624525153208552e+00
3.258112000000000000e+06,4.000643888804305881e+00
3.259048000000000000e+06,4.959646712594260043e-01
3.259980000000000000e+06,-9.455959810459138026e-01
3.260916000000000000e+06,-2.987716869345112158e+00
3.261852000000000000e+06,-3.855480934080172339e+00
3.262788000000000000e+06,6.176668412285292453e-02
3.263720000000000000e+06,-1.261193044689121301e+00
3.264656000000000000e+06,1.072440724200532891e+01
3.265592000000000000e+06,4.368965859378236338e+00
3.266528000000000000e+06,4.574440476374586062e+00
3.267460000000000000e+06,2.208244047585671943e+00
3.268396000000000000e+06,-2.089520398980532212e-01
3.269332000000000000e+06,-3.090454177843287464e+00
3.270268000000000000e+06,-3.304359491330373655e-01
3.271200000000000000e+06,-8.224929051454840101e-01
3.272136000000000000e+06,1.032899966894173849e+00
3.273072000000000000e+06,-5.810728128876386123e+00
3.274008000000000000e+06,9.510938050302122804e+00
3.274940000000000000e+06,1.041844639271433515e+01
3.275876000000000000e+06,2.553317265015729198e+00
3.276816000000000000e+06,6.406973336382837392e-01
3.277748000000000000e+06,-1.235693215341715723e+00
3.278680000000000000e+06,-1.249613321366876140e-01
3.279616000000000000e+06,2.252459472385198724e-01
3.280552000000000000e+06,-4.903219786464175556e+00
3.281488000000000000e+06,-5.330275803877686513e-01
3.282420000000000000e+06,-9.768351934294649652e+00
3.283356000000000000e+06,1.030648890690641917e+00
3.284292000000000000e+06,2.252459472385198724e-01
3.285228000000000000e+06,6.219507329014744013e-01
3.286160000000000000e+06,-2.903726161583746634e+00
3.287096000000000000e+06,-4.861224432583492572e+00
3.288032000000000000e+06,2.956241162082269280e-01
3.288968000000000000e+06,2.577197927697688851e+00
3.289900000000000000e+06,-5.915716513578092695e+00
3.290836000000000000e+06,4.539693173787431868e-01
3.291772000000000000e+06,-6.554757208172929950e+00
3.292708000000000000e+06,-4.469021799327602906e+00
3.293640000000000000e+06,3.564194825464200633e+00
3.294576000000000000e+06,2.432465265318831449e+00
3.295512000000000000e+06,-1.119343368051882281e+00
3.296448000000000000e+06,3.512320088805682694e-01
3.297380000000000000e+06,-2.616511913029563541e+00
3.298324000000000000e+06,-2.015669017493703641e-01
3.299252000000000000e+06,1.977133024217011745e-02
3.300188000000000000e+06,-2.327046588271848293e+00
3.301120000000000000e+06,-2.432034972973555309e+00
3.302056000000000000e+06,3.094754713057541018e+00
3.302992000000000000e+06,-2.513774604531388235e+00
3.303928000000000000e+06,-4.840226755643151080e+00
3.304860000000000000e+06,-4.821480154906342186e+00
3.305796000000000000e+06,-6.380159650894756673e-01
3.306732000000000000e+06,-4.963329831543581427e+00
3.307668000000000000e+06,-4.492270552471476108e+00
3.308600000000000000e+06,-1.377542891978954742e+00
3.309536000000000000e+06,1.895529969684083271e+00
3.310472000000000000e+06,2.577197927697688851e+00
3.311408000000000000e+06,-6.590136420298170483e-01
3.312340000000000000e+06,2.868914328658936252e+00
3.313276000000000000e+06,-2.390039619092872325e+00
3.314212000000000000e+06,8.450324650235014445e+00
3.315148000000000000e+06,2.247988325262822773e+00
3.316080000000000000e+06,-6.018453822076267556e+00
3.317016000000000000e+06,2.537453650020538465e+00
3.317952000000000000e+06,-2.675002791443523709e+00
3.318888000000000000e+06,-1.114209306106731523e+00
3.319828000000000000e+06,5.589577020804502583e-01
3.320756000000000000e+06,-2.842352297428168306e+00
3.321692000000000000e+06,1.037620380035357281e-01
3.322628000000000000e+06,-5.915716513578092695e+00
3.323560000000000000e+06,-2.015669017493703641e-01
3.324496000000000000e+06,-5.976458468195585461e+00
3.325432000000000000e+06,-3.213557253743716924e+00
3.326368000000000000e+06,-8.638563494880803217e-01
3.327300000000000000e+06,2.684437388602928021e+00
3.328236000000000000e+06,3.706044502101440319e+00
3.329172000000000000e+06,-3.913339902956045169e+00
3.330108000000000000e+06,-1.132955906843540861e+00
3.331040000000000000e+06,2.430214189115298851e+00
3.331976000000000000e+06,9.294839961826200536e+00
3.332912000000000000e+06,3.997760903062687721e+00
3.333848000000000000e+06,7.726661338340726992e+00
3.334780000000000000e+06,-1.224178782398880294e+01
3.335716000000000000e+06,5.652181310513060275e+00
3.336652000000000000e+06,1.219627983153714679e+00
3.337588000000000000e+06,3.055642344918477082e+00
3.338520000000000000e+06,1.298484628969929444e+00
3.339456000000000000e+06,-1.564270908238495350e+00
3.340392000000000000e+06,5.424089849910923355e+00
3.341332000000000000e+06,5.987019797576009772e-01
3.342260000000000000e+06,1.059842118036327996e+01
3.343196000000000000e+06,2.889912005599277744e+00
3.344132000000000000e+06,4.302008338604360049e-02
3.346000000000000000e+06,3.009144838630729790e+00
3.346936000000000000e+06,1.276427006854957136e-01
3.347872000000000000e+06,4.882020492331024641e+00
3.348808000000000000e+06,5.442204541109646243e+00
3.349740000000000000e+06,1.361477659790953698e+00
3.350676000000000000e+06,3.092366549998854519e-01
3.351612000000000000e+06,7.462695842930416212e+00
3.352548000000000000e+06,1.327508061085025126e+01
3.353480000000000000e+06,1.079939364495256449e+01
3.354416000000000000e+06,-1.227102559331555431e-01
3.355352000000000000e+06,5.134624525153208552e+00
3.356288000000000000e+06,4.266228550880061476e+00
3.357220000000000000e+06,4.308223904760744460e+00
3.358156000000000000e+06,4.882020492331024641e+00
3.359092000000000000e+06,1.084589115124031089e+01
3.360028000000000000e+06,2.559083236498965963e+00
3.360960000000000000e+06,6.102874822182910108e+00
3.361896000000000000e+06,5.544941849607821105e+00
3.362836000000000000e+06,6.474079778498459170e+00
3.363768000000000000e+06,1.267740336059801010e+01
3.364700000000000000e+06,1.265640568365766860e+01
3.365636000000000000e+06,1.156280123452400410e+01
3.366572000000000000e+06,1.339881559628876673e+01
3.367508000000000000e+06,8.451943816900461925e+00
3.368440000000000000e+06,7.402585797851011229e+00
3.369376000000000000e+06,4.371848845119854943e+00
3.370312000000000000e+06,1.049343279566157427e+01
3.371248000000000000e+06,8.304960078318071481e+00
3.372180000000000000e+06,1.270107911474092077e-01
3.373116000000000000e+06,5.031255307116946796e+00
3.374052000000000000e+06,5.508080557672288435e+00
3.374988000000000000e+06,1.292487333147504280e+01
3.375920000000000000e+06,1.125170632328786091e+01
3.376856000000000000e+06,7.955384708480949918e+00
3.377792000000000000e+06,8.514936847721486401e+00
3.378728000000000000e+06,4.573808566836500056e+00
3.379660000000000000e+06,5.176619879033891536e+00
3.380596000000000000e+06,1.325183185770637628e+01
3.381532000000000000e+06,4.347968182437894846e+00
3.382468000000000000e+06,1.348280630405013270e+01
3.383400000000000000e+06,-2.441941651681397984e-01
3.384340000000000000e+06,1.306735491765036805e+01
3.385272000000000000e+06,1.678363007126410977e+01
3.386208000000000000e+06,1.246967766739812866e+01
3.387140000000000000e+06,5.175987969495804641e+00
3.388076000000000000e+06,5.691925588190210661e+00
3.389012000000000000e+06,1.150431035611004482e+01
3.389948000000000000e+06,6.265722175760490842e+00
3.390880000000000000e+06,4.844527290857405966e+00
3.391816000000000000e+06,4.719173138753443908e+00
3.392752000000000000e+06,7.483693519870757704e+00
3.393688000000000000e+06,7.731163490747791300e+00
3.394620000000000000e+06,4.102749287764394737e+00
3.395556000000000000e+06,1.907835499238549204e+01
3.396492000000000000e+06,7.957635784684482516e+00
3.397428000000000000e+06,4.702677614220166724e+00
3.398360000000000000e+06,2.758791882012078922e+00
3.399296000000000000e+06,2.637939882315181173e+00
3.400232000000000000e+06,7.894642753863458040e+00
3.401168000000000000e+06,-1.226346698171287830e-03
3.402100000000000000e+06,1.219627983153714679e+00
3.403036000000000000e+06,5.113626848212867060e+00
3.403972000000000000e+06,5.129490463208056461e+00
3.404908000000000000e+06,-1.130704830640008707e+00
3.405844000000000000e+06,-3.915590979159577323e+00
3.406776000000000000e+06,3.892772518360980705e+00
3.407712000000000000e+06,3.938592722993375927e-01
3.408648000000000000e+06,3.339973607731041572e+00
3.409580000000000000e+06,-4.097062437532200674e-02
3.411452000000000000e+06,5.897400205186561273e+00
3.412388000000000000e+06,5.712923265130552153e+00
3.413320000000000000e+06,7.224369651961173311e-01
3.414256000000000000e+06,5.160124354500613464e+00
3.415192000000000000e+06,1.392600859600083396e+01
3.416128000000000000e+06,-1.603383276377559508e+00
3.417060000000000000e+06,-3.211938087078271220e+00
3.417996000000000000e+06,7.957635784684482516e+00
3.418932000000000000e+06,8.554681125398635899e+00
3.419868000000000000e+06,4.805414922718341586e+00
3.420800000000000000e+06,6.009530559611330203e-01
3.421736000000000000e+06,-8.224929051454840101e-01
3.422672000000000000e+06,4.597689229518460152e+00
3.423608000000000000e+06,6.616561364673785306e+00
3.424540000000000000e+06,-1.498467861862768835e+01
3.425476000000000000e+06,-7.208042351097510902e+00
3.426412000000000000e+06,3.009144838630729790e+00
3.427348000000000000e+06,3.216870531830611668e+00
3.428280000000000000e+06,4.329221581701085952e+00
3.429216000000000000e+06,3.589694654811606433e+00
3.430152000000000000e+06,7.434346421364587121e-01
3.431088000000000000e+06,2.517087882618283423e+00
3.432020000000000000e+06,3.512320088805682694e-01
3.432956000000000000e+06,5.482580728324883523e+00
3.433892000000000000e+06,1.253916244819636150e-01
3.434828000000000000e+06,-8.263166341630197920e+00
3.435760000000000000e+06,-4.455409260535944327e+00
3.436696000000000000e+06,-5.297673495923597820e+00
3.437632000000000000e+06,-4.097816843012053845e+00
3.438568000000000000e+06,4.723675291160508216e+00
3.439500000000000000e+06,4.140091672059803551e-02
3.440436000000000000e+06,2.621444357781903989e+00
3.441372000000000000e+06,-5.439523172560837061e+00
3.442308000000000000e+06,1.627694231404795522e+00
3.443240000000000000e+06,5.192134244032995394e-01
3.444176000000000000e+06,-7.725599136457363514e+00
3.445112000000000000e+06,-9.522501130083060872e+00
3.446048000000000000e+06,-1.188806564933388898e+01
3.446980000000000000e+06,-1.057249105867059846e+01
3.447916000000000000e+06,-6.635864930192676425e+00
3.448852000000000000e+06,-1.049075142711276420e+01
3.449788000000000000e+06,-6.058198099753418830e+00
3.450720000000000000e+06,9.069139052521255628e-01
3.451656000000000000e+06,-7.765343414134514788e+00
3.452592000000000000e+06,-3.789604917517528815e+00
3.453528000000000000e+06,-1.129615437056488680e+01
3.454460000000000000e+06,-7.256790933588789905e+00
3.455396000000000000e+06,-1.570257595903873948e+01
3.456332000000000000e+06,-1.323202305508620569e+01
3.457268000000000000e+06,-1.582919393021887444e+01
3.458200000000000000e+06,-1.249024505199319357e+01
3.459136000000000000e+06,-2.163869571239709089e+01
3.460072000000000000e+06,-1.155948795643710802e+01
3.461008000000000000e+06,-1.042775839629173973e+01
3.461940000000000000e+06,-1.665271156486971904e+01
3.462876000000000000e+06,-2.143547217160427465e+01
3.463812000000000000e+06,-2.708599684307388600e+01
3.464748000000000000e+06,-2.966730410321136446e+01
3.465680000000000000e+06,-1.415665883156977856e+01
3.466616000000000000e+06,-2.980690270364507199e+01
3.467552000000000000e+06,-2.899762951732397198e+01
3.468488000000000000e+06,-3.186488720693946064e+01
3.469420000000000000e+06,-3.132795191130471224e+01
3.470356000000000000e+06,-4.024993027777191656e+01
3.471292000000000000e+06,-3.431669351015518998e+01
3.472228000000000000e+06,-3.571850988478336575e+01
3.473160000000000000e+06,-4.474835962169390058e+01
3.474096000000000000e+06,-4.150926506622477774e+01
3.475032000000000000e+06,-5.060435891015986698e+01
3.476900000000000000e+06,-5.713464101849075405e+01
3.477836000000000000e+06,-4.312964276867335656e+01
3.478772000000000000e+06,-7.379368181521599901e+00
3.479708000000000000e+06,3.295892194841839995e+01
3.480640000000000000e+06,8.886986312369364782e+01
3.481576000000000000e+06,1.534933317240003134e+02
3.482512000000000000e+06,1.921296106015043677e+02
3.483448000000000000e+06,2.035631499686774362e+02
3.484380000000000000e+06,1.801345445808360637e+02
3.485316000000000000e+06,1.443132599151765021e+02
3.486252000000000000e+06,1.125755851165772583e+02
3.487188000000000000e+06,7.716813267065202808e+01
3.488120000000000000e+06,4.478628311551279495e+01
3.489056000000000000e+06,2.453251543324334705e+01
3.489992000000000000e+06,1.304860831691356005e+01
3.490928000000000000e+06,2.910909682539619237e+00
3.491860000000000000e+06,4.662933336543016338e+00
3.492796000000000000e+06,1.327733168705378297e+01
3.493732000000000000e+06,1.327508061085025126e+01
3.494668000000000000e+06,7.523437797547908978e+00
3.495600000000000000e+06,7.397451735905860026e+00
3.496536000000000000e+06,1.245381405240293837e+01
3.497472000000000000e+06,1.397486326006257862e+01
3.498408000000000000e+06,1.659303181213558886e+01
3.499340000000000000e+06,1.325408293390990977e+01
3.500276000000000000e+06,1.684050178301262335e+01
3.501212000000000000e+06,9.114865174177257501e+00
3.502148000000000000e+06,8.661920586303875069e+00
3.503080000000000000e+06,4.371216935581768048e+00
3.504016000000000000e+06,5.444455617313177953e+00
3.504952000000000000e+06,3.874025917624171367e+00
3.505888000000000000e+06,7.587062737907019461e+00
3.506820000000000000e+06,4.539693173787431868e-01
3.507756000000000000e+06,2.703183989339736915e+00
3.508692000000000000e+06,1.611198706871518338e+00
3.509628000000000000e+06,5.379600251401088773e-01
3.510560000000000000e+06,2.451211866055640343e+00
3.511496000000000000e+06,-2.645599325703945626e-01
3.512432000000000000e+06,-8.644882590261667721e-01
3.513368000000000000e+06,6.868533487957882322e+00
3.514300000000000000e+06,6.581951148941785235e+00
3.515236000000000000e+06,3.685046825161098827e+00
3.516172000000000000e+06,2.267366835537718117e+00
3.517108000000000000e+06,2.619193281578371391e+00
3.518040000000000000e+06,2.537453650020538465e+00
3.518976000000000000e+06,-1.033317456582596994e-01
3.519912000000000000e+06,1.261623337034397441e+00
3.520848000000000000e+06,2.516455973080196973e+00
3.521780000000000000e+06,4.599940305721991862e+00
3.522716000000000000e+06,2.600446680841562497e+00
3.523652000000000000e+06,-1.569404970183646109e+00
3.524588000000000000e+06,1.040719101169667482e+01
3.525520000000000000e+06,7.462695842930416212e+00
3.526456000000000000e+06,8.741409141658175841e+00
3.527392000000000000e+06,5.094880247476057278e+00
3.528328000000000000e+06,7.936638107744141024e+00
3.529260000000000000e+06,6.930894609240819904e+00
3.530196000000000000e+06,3.303112315795509346e+00
3.531132000000000000e+06,1.611198706871518338e+00
3.532068000000000000e+06,1.606696554464454252e+00
3.533000000000000000e+06,2.432465265318831449e+00
3.533936000000000000e+06,-4.302902718895937340e-01
3.534872000000000000e+06,5.544941849607821105e+00
3.535808000000000000e+06,4.405827151313768120e+00
3.536740000000000000e+06,7.773158844628473396e+00
3.537676000000000000e+06,4.410961213258919322e+00
3.538612000000000000e+06,6.228860883824958172e+00
3.539548000000000000e+06,-4.512879488299351149e-01
3.540480000000000000e+06,4.476837229821562403e+00
3.541416000000000000e+06,4.434841875940879419e+00
3.542352000000000000e+06,-4.429277521650451632e+00
3.543288000000000000e+06,8.484230268381657281e-01
3.544220000000000000e+06,3.506335856588327360e+00
3.545156000000000000e+06,3.255982899969676048e+00
3.546092000000000000e+06,4.145376551183163727e+00
3.547028000000000000e+06,2.166880603243075853e+00
3.547960000000000000e+06,1.977269601241916419e+00
3.548896000000000000e+06,7.224369651961173311e-01
3.549832000000000000e+06,1.548205676050494084e+00
3.550768000000000000e+06,5.566571436086249491e+00
3.551700000000000000e+06,3.198123931093802330e+00
3.552636000000000000e+06,-4.932833027106179324e-01
3.553572000000000000e+06,-2.324795512068315695e+00
3.554508000000000000e+06,-3.069456500902945972e+00
3.555440000000000000e+06,3.072137869451753822e+00
3.556376000000000000e+06,-1.114209306106731523e+00
3.557312000000000000e+06,4.515949597960625894e+00
3.558248000000000000e+06,1.486403776258370946e-01
3.559180000000000000e+06,-2.243055880510482769e+00
3.560116000000000000e+06,2.166880603243075853e+00
3.561052000000000000e+06,7.434346421364587121e-01
3.561988000000000000e+06,-4.555263583292500584e+00
3.562920000000000000e+06,-5.071201201986906604e+00
3.563856000000000000e+06,-9.961833179164786500e+00
3.564792000000000000e+06,-6.002590207081077267e+00
3.565728000000000000e+06,-7.759116013491538233e+00
3.566660000000000000e+06,-6.221677362869085570e+00
3.567596000000000000e+06,-3.695483172721015785e-01
3.568532000000000000e+06,3.909762865577189883e-01
3.569468000000000000e+06,5.612087782839823014e-01
3.570400000000000000e+06,-2.492776927591047187e+00
3.571336000000000000e+06,3.135130900272778298e+00
3.572272000000000000e+06,3.547699300930923449e+00
3.573208000000000000e+06,-5.120299034474272704e-01
3.574140000000000000e+06,2.637939882315181173e+00
3.575076000000000000e+06,1.114639598452007663e+00
3.576012000000000000e+06,-4.490019476267944398e+00
3.576948000000000000e+06,5.799553790207916393e-01
3.577880000000000000e+06,-1.771996601438377228e+00
3.578816000000000000e+06,-1.874102000398465639e+00
3.579752000000000000e+06,2.717434535262669426e-01
3.580688000000000000e+06,-1.706120584875734369e+00
3.581620000000000000e+06,-4.714240694001103016e+00
3.582556000000000000e+06,-4.535390250334672135e-01
3.583492000000000000e+06,2.706066975081355963e+00
3.584428000000000000e+06,-1.508966700332939581e+01
3.585360000000000000e+06,6.906026689431500110e+00
3.586296000000000000e+06,5.379600251401088773e-01
3.587232000000000000e+06,-4.039325964598093677e+00
3.588168000000000000e+06,-8.344274063649944395e+00
3.589100000000000000e+06,4.389963536318577830e+00
3.590036000000000000e+06,5.340099142149557387e+00
3.590972000000000000e+06,3.879791889107408132e+00
3.591908000000000000e+06,-8.143933508598745874e+00
3.592840000000000000e+06,-4.779484801025659202e+00
3.593776000000000000e+06,-5.003706018758818708e+00
3.594712000000000000e+06,-1.911595201872084093e+00
3.595648000000000000e+06,7.546686550691782180e+00
3.596580000000000000e+06,5.605683804225312983e+00
3.597516000000000000e+06,-2.721500297731270557e+00
3.598452000000000000e+06,-3.358289916122574770e+00
3.599388000000000000e+06,4.411593122797005329e+00
3.600320000000000000e+06,5.337848065946025677e+00
3.601256000000000000e+06,2.537453650020538465e+00
3.602192000000000000e+06,-7.273286458122067089e+00
3.603128000000000000e+06,6.406973336382837392e-01
3.604060000000000000e+06,-1.211742092901219792e+01
3.604996000000000000e+06,-6.389658778391817506e+00
3.605932000000000000e+06,-6.881083824866176535e+00
3.606868000000000000e+06,3.568696977871264941e+00
3.607800000000000000e+06,-3.792487903259147863e+00
3.608736000000000000e+06,-3.400917179541344204e+00
3.609672000000000000e+06,2.721930590076546697e+00
3.610608000000000000e+06,4.455207643343134016e+00
3.611540000000000000e+06,-3.769239150115274661e+00
3.612476000000000000e+06,4.539693173787431868e-01
3.613412000000000000e+06,-2.343542112805125033e+00
3.614348000000000000e+06,-1.063998624189868636e+01
3.615280000000000000e+06,1.253916244819636150e-01
3.616216000000000000e+06,-6.158684332048061982e+00
3.617152000000000000e+06,2.723753630643534485e-01
3.618088000000000000e+06,-4.613754461706459864e+00
3.619020000000000000e+06,-5.397527818680154965e+00
3.619956000000000000e+06,1.883846553029878412e-01
3.620892000000000000e+06,-3.088063626546095342e-01
3.621828000000000000e+06,-2.366790865948998679e+00
3.622760000000000000e+06,-7.891961385314648858e+00
3.623696000000000000e+06,8.027382044116102122e+00
3.624632000000000000e+06,-7.105936952137422935e+00
3.625568000000000000e+06,-7.197555966473090372e-01
3.626500000000000000e+06,-9.455959810459138026e-01
3.627436000000000000e+06,-8.470260125291993347e+00
3.628372000000000000e+06,-1.563796376155226930e+01
3.629308000000000000e+06,-1.290344536218942650e+01
3.630240000000000000e+06,-4.368535567032959754e+00
3.631176000000000000e+06,2.621444357781903989e+00
3.632112000000000000e+06,3.482455193906367263e+00
3.633048000000000000e+06,6.392340146940625800e+00
3.633980000000000000e+06,-5.120299034474272704e-01
3.634916000000000000e+06,-5.849840497015449614e+00
3.635852000000000000e+06,-3.610893948944758236e+00
3.636788000000000000e+06,-3.686867609019353953e+00
3.637720000000000000e+06,-4.115436711527843960e-01
3.638656000000000000e+06,5.589577020804502583e-01
3.639592000000000000e+06,-5.087064816982097781e+00
3.640528000000000000e+06,-2.924723838524088126e+00
3.641460000000000000e+06,-5.192685111221891248e+00
3.642396000000000000e+06,8.484230268381657281e-01
3.643332000000000000e+06,1.611830616409604788e+00
3.644268000000000000e+06,-4.757855214547230815e+00
3.645200000000000000e+06,-8.662122203496684492e+00
3.646136000000000000e+06,5.589577020804502583e-01
3.647072000000000000e+06,3.198123931093802330e+00
3.648008000000000000e+06,1.135637275392348933e+00
3.648940000000000000e+06,-4.368535567032959754e+00
3.649876000000000000e+06,5.987019797576009772e-01
3.650812000000000000e+06,5.071631494332184076e+00
3.651748000000000000e+06,3.506335856588327360e+00
3.652680000000000000e+06,-1.408249471318783197e-01
3.653616000000000000e+06,2.724181666280078407e+00
3.654552000000000000e+06,-1.336539425487693755e+01
3.655488000000000000e+06,5.568190602751694307e+00
3.656420000000000000e+06,-6.116688978167378998e+00
3.657356000000000000e+06,-4.576261260232842076e+00
3.658292000000000000e+06,-4.242549505390911690e+00
3.659228000000000000e+06,-4.345286813889086552e+00
3.660160000000000000e+06,-3.298040395949509151e-01
3.661096000000000000e+06,-1.937095031219489893e+00
3.662032000000000000e+06,-8.199541401271087437e+00
3.662968000000000000e+06,-3.479773825357558970e+00
3.663900000000000000e+06,-1.682519513279951440e+01
3.664836000000000000e+06,-4.373669628978110957e+00
3.665772000000000000e+06,-9.210418961719559761e+00
3.666708000000000000e+06,1.380856170065849486e+00
3.667640000000000000e+06,3.114877312034176615e-01
3.668576000000000000e+06,-7.154685534628701937e+00
3.669512000000000000e+06,-4.758487124085317710e+00
3.670448000000000000e+06,-8.818216328463670095e+00
3.671380000000000000e+06,-2.489893941849428582e+00
3.672316000000000000e+06,-6.944076855687201011e+00
3.673252000000000000e+06,-9.585494160904085348e+00
3.674188000000000000e+06,-5.166553372336399441e+00
3.675120000000000000e+06,6.219507329014744013e-01
3.676056000000000000e+06,-5.150689757341208264e+00
3.676992000000000000e+06,-9.049190774807424731e+00
3.677928000000000000e+06,3.342856593472660176e+00
3.678860000000000000e+06,-9.378400377242289920e+00
3.679796000000000000e+06,-8.470260125291993347e+00
3.680732000000000000e+06,-8.715479019965494345e+00
3.681668000000000000e+06,-9.746722347816220378e+00
3.682600000000000000e+06,-1.209417217586832471e+01
3.683536000000000000e+06,6.618812440877317016e+00
3.684472000000000000e+06,-1.408249471318783197e-01
3.685408000000000000e+06,-7.746596813397705006e+00
3.686340000000000000e+06,1.156634952332690425e+00
3.687276000000000000e+06,-4.576261260232842076e+00
3.688212000000000000e+06,9.489092591328083248e-01
3.689148000000000000e+06,-4.903219786464175556e+00
3.690080000000000000e+06,1.883846553029878412e-01
3.691016000000000000e+06,-6.778978425906088567e+00
3.691952000000000000e+06,-8.860211682344351303e+00
3.692888000000000000e+06,-4.092925949492522975e-01
3.693820000000000000e+06,-2.466645188705554936e+00
3.694756000000000000e+06,-3.672972410685695355e-01
3.695692000000000000e+06,-1.682871831731861167e+00
3.696628000000000000e+06,-4.926468539608048758e+00
3.697560000000000000e+06,5.589577020804502583e-01
3.698496000000000000e+06,-4.637003214850333954e+00
3.699432000000000000e+06,-1.790111292637100115e+00
3.700368000000000000e+06,1.135637275392348933e+00
3.701300000000000000e+06,-4.349788966296149972e+00
3.702236000000000000e+06,9.114160576591898710e-01
3.703172000000000000e+06,-3.542134946640496551e+00
3.704108000000000000e+06,-4.903219786464175556e+00
3.705040000000000000e+06,-1.072213952226048539e+00
3.705976000000000000e+06,-3.976332933777069645e+00
3.706912000000000000e+06,-4.618256614113525060e+00
3.707848000000000000e+06,3.092503636854008864e+00
3.708780000000000000e+06,3.909762865577189883e-01
3.709716000000000000e+06,-6.041702575220141647e+00
3.710652000000000000e+06,-4.469021799327602906e+00
3.711588000000000000e+06,-8.181426710072363662e+00
3.712520000000000000e+06,-5.483769602645051755e+00
3.713456000000000000e+06,-9.672255675243416340e-01
3.714392000000000000e+06,5.799553790207916393e-01
3.715328000000000000e+06,-1.599780725527969238e+01
3.716260000000000000e+06,-4.160809873833077432e+00
3.717196000000000000e+06,-7.870963708374307366e+00
3.718132000000000000e+06,-2.716366235786119798e+00
3.719068000000000000e+06,-1.398540568919296234e+00
3.720000000000000000e+06,-2.495028003794579341e+00
3.720936000000000000e+06,-5.150057847803121369e+00
3.721872000000000000e+06,8.484230268381657281e-01
3.722808000000000000e+06,-5.026954771902691910e+00
3.723740000000000000e+06,-2.469528174447173541e+00
3.724676000000000000e+06,5.964509035540688231e-01
3.725612000000000000e+06,-3.976964843315156539e+00
3.726548000000000000e+06,-2.163567325156180665e+00
3.727480000000000000e+06,-3.937220565638005709e+00
3.728416000000000000e+06,-2.369041942152530833e+00
3.729352000000000000e+06,2.082257985943623435e+00
3.730288000000000000e+06,-2.882728484643405142e+00
3.731220000000000000e+06,5.193115403567167832e+00
3.732156000000000000e+06,3.214619455627079514e+00
3.733092000000000000e+06,1.480084680877505887e-01
3.734028000000000000e+06,1.419336628666826972e+00
3.734960000000000000e+06,-4.777233724822127492e+00
3.735896000000000000e+06,-8.014952282051426291e-01
3.736832000000000000e+06,-3.213557253743716924e+00
3.737768000000000000e+06,-6.958749339653490518e-01
3.738700000000000000e+06,-2.968970268608303265e+00
3.739636000000000000e+06,-4.097062437532200674e-02
3.740572000000000000e+06,-8.644882590261667721e-01
3.741508000000000000e+06,7.546686550691782180e+00
3.742440000000000000e+06,5.484199894990328339e+00
3.743376000000000000e+06,1.692938338429351708e+00
3.744312000000000000e+06,-9.830891825195323674e-01
3.745248000000000000e+06,-1.169817198779073086e+00
3.746180000000000000e+06,-8.059973806122069373e-01
3.747116000000000000e+06,5.544555496733860611e-01
3.748052000000000000e+06,1.092312863039108173e+01
3.748988000000000000e+06,4.555693875637777168e+00
3.749920000000000000e+06,3.092503636854008864e+00
3.750856000000000000e+06,4.539693173787431868e-01
3.751792000000000000e+06,5.652181310513060275e+00
3.752728000000000000e+06,3.051140192511412774e+00
3.753660000000000000e+06,-3.663618855875480307e+00
3.754596000000000000e+06,2.493207219936323327e+00
3.755532000000000000e+06,2.758791882012078922e+00
3.756468000000000000e+06,-2.905977237787279233e+00
3.757400000000000000e+06,-1.256690892282056993e+00
3.758336000000000000e+06,1.177632629273031695e+00
3.759272000000000000e+06,6.639460867821571632e-01
3.760208000000000000e+06,5.589577020804502583e-01
3.761140000000000000e+06,6.168118929207467183e+00
3.762076000000000000e+06,5.260610586795256616e+00
3.763012000000000000e+06,4.450705490936069708e+00
3.763948000000000000e+06,-2.019466572315409714e+00
3.764880000000000000e+06,-2.860466988626890306e+00
3.765816000000000000e+06,-4.306174445750022173e+00
3.766752000000000000e+06,3.648185533225566157e+00
3.767688000000000000e+06,4.905901155012984738e+00
3.768620000000000000e+06,5.379600251401088773e-01
3.769556000000000000e+06,4.539693173787431868e-01
3.770492000000000000e+06,6.009530559611330203e-01
3.771428000000000000e+06,-1.419538245859637726e+00
3.772360000000000000e+06,5.568190602751694307e+00
3.773296000000000000e+06,-5.352786565913006944e-01
3.774232000000000000e+06,1.977133024217011745e-02
3.775168000000000000e+06,3.463708593169557926e+00
3.776100000000000000e+06,-2.534772281471729727e+00
3.777036000000000000e+06,1.135637275392348933e+00
3.777972000000000000e+06,1.403473013671636460e+00
3.778908000000000000e+06,4.772180705226166664e-01
3.779840000000000000e+06,-4.637003214850333954e+00
3.780776000000000000e+06,-2.100574294335156633e+00
3.781712000000000000e+06,-5.113979939093407090e-01
3.782648000000000000e+06,8.100117370859807764e+00
3.783580000000000000e+06,-8.704117557377367476e+00
3.784516000000000000e+06,-1.434401875736740628e+01
3.785452000000000000e+06,6.936028671185970218e+00
3.786388000000000000e+06,-4.512879488299351149e-01
3.787320000000000000e+06,4.578942628781650370e+00
3.788256000000000000e+06,6.176668412285292453e-02
3.789192000000000000e+06,-1.853736232996210820e+00
3.790128000000000000e+06,-4.244800581594443400e+00
3.791060000000000000e+06,-5.584255834939694907e+00
3.791996000000000000e+06,-2.855576095107359991e-01
3.792932000000000000e+06,-2.345793189008657187e+00
3.793868000000000000e+06,1.330058044019765617e+01
3.794800000000000000e+06,7.220359933998535595e+00
3.795736000000000000e+06,1.727548554161352001e+00
3.796672000000000000e+06,2.245737249059290619e+00
3.797608000000000000e+06,5.218615232914573632e+00
3.798540000000000000e+06,5.832156098162005087e+00
3.799476000000000000e+06,-1.482531276680661758e+00
3.800412000000000000e+06,2.495458296139855481e+00
3.801348000000000000e+06,-2.721500297731270557e+00
3.802280000000000000e+06,-2.225645786897117728e-01
3.803216000000000000e+06,-1.650512692203393028e+00
3.804152000000000000e+06,-4.735238370941444508e+00
3.805088000000000000e+06,2.287732602939973603e+00
3.806020000000000000e+06,1.198630306213373187e+00
3.806956000000000000e+06,8.904183807188484900e-01
3.807892000000000000e+06,-4.450275198590793124e+00
3.808828000000000000e+06,-1.892848601135274977e+00
3.809760000000000000e+06,2.577197927697688851e+00
3.810696000000000000e+06,-1.916097354279148401e+00
3.811632000000000000e+06,-2.513774604531388235e+00
3.812568000000000000e+06,-3.852597948338552847e+00
3.813500000000000000e+06,-3.624506487736416815e+00
3.814436000000000000e+06,3.359352118005937360e+00
3.815372000000000000e+06,-3.440029547680408140e+00
3.816308000000000000e+06,8.564734680481290996e-02
3.817240000000000000e+06,-6.097942377430569216e+00
3.818176000000000000e+06,-2.882728484643405142e+00
3.819112000000000000e+06,-7.798656417267146868e-01
3.820048000000000000e+06,-5.071201201986906604e+00
3.820980000000000000e+06,-4.492270552471476108e+00
3.821916000000000000e+06,-5.542260481059012811e+00
3.822852000000000000e+06,4.390595445856663837e+00
3.823788000000000000e+06,-4.553012507088968874e+00
3.824720000000000000e+06,-2.513774604531388235e+00
3.825656000000000000e+06,-6.380159650894756673e-01
3.826592000000000000e+06,-3.462995641282280990e-01
3.827528000000000000e+06,-1.256058982743970542e+00
3.828460000000000000e+06,-3.031963299429327741e+00
3.829396000000000000e+06,-7.502009828262290903e+00
3.830332000000000000e+06,-4.302902718895937340e-01
3.831268000000000000e+06,2.122634173158861159e+00
3.832200000000000000e+06,1.464846877827215010e+00
3.833136000000000000e+06,-5.766421009338970061e-01
3.834072000000000000e+06,-1.491781534493768469e+01
3.835008000000000000e+06,-1.665109239820427334e+01
3.835940000000000000e+06,-4.060323641538435169e+00
3.836876000000000000e+06,-3.088063626546095342e-01
3.837812000000000000e+06,-3.335041162978701124e+00
3.838748000000000000e+06,-1.086195638342831415e+01
3.839680000000000000e+06,-7.250037704978193887e+00
3.840616000000000000e+06,-1.075471692252307498e+01
3.841552000000000000e+06,-2.660758343113778235e+00
3.842488000000000000e+06,-7.197555966473090372e-01
3.843420000000000000e+06,-8.799469727726860313e+00
3.844356000000000000e+06,-2.343542112805125033e+00
3.845292000000000000e+06,-2.003077281123446340e+01
3.846228000000000000e+06,-1.138014507832625277e+01
3.847160000000000000e+06,-5.376530141739813473e+00
3.848096000000000000e+06,-8.468009049088461637e+00
3.849032000000000000e+06,-8.449262448351651855e+00
3.849968000000000000e+06,-1.354023498058072938e+01
3.850900000000000000e+06,-1.485869255698563940e+01
3.851836000000000000e+06,-9.006563511388655741e+00
3.852772000000000000e+06,-4.408279844710111028e+00
3.853708000000000000e+06,-8.533253156113017823e+00
3.854640000000000000e+06,-1.567995911543295229e+01
3.855576000000000000e+06,-1.807390644977280658e+01
3.856512000000000000e+06,-1.339325124199833894e+01
3.857448000000000000e+06,-1.904665889920957156e+01
3.858380000000000000e+06,-1.990992081153756743e+01
3.859316000000000000e+06,-2.357969845886355742e+01
3.860252000000000000e+06,-1.681844190418891927e+01
3.861188000000000000e+06,-1.537174718993842681e+01
3.862120000000000000e+06,-1.857046555819231415e+01
3.863056000000000000e+06,-1.651022997869439379e+01
3.863992000000000000e+06,-2.005465347391642439e+01
3.864928000000000000e+06,-2.680402273803531799e+01
3.865860000000000000e+06,-2.681527811905298009e+01
3.866796000000000000e+06,-3.763527662097860826e+01
3.867732000000000000e+06,-3.575888607199861013e+01
3.868668000000000000e+06,-3.681112707678967411e+01
3.869600000000000000e+06,-3.763239363523698700e+01
3.870536000000000000e+06,-4.295208953760629100e+01
3.871472000000000000e+06,-5.101080599174550656e+01
3.872408000000000000e+06,-4.709292646400439253e+01
3.873340000000000000e+06,-5.960807690818490556e+01
3.874276000000000000e+06,-6.253157440001081824e+01
3.875212000000000000e+06,-6.507025439672953837e+01
3.876148000000000000e+06,-7.513071555195270435e+01
3.877080000000000000e+06,-7.908482446209126238e+01
3.878016000000000000e+06,-1.024613368525400148e+02
3.878952000000000000e+06,-1.154259169893141888e+02
3.879888000000000000e+06,-1.353164967629548698e+02
3.880820000000000000e+06,-1.546695093314226881e+02
3.881756000000000000e+06,-1.656607275822019858e+02
3.882692000000000000e+06,-1.492159164012950328e+02
3.883628000000000000e+06,-4.856722280176429152e+00
3.884560000000000000e+06,1.647757405477731822e+02
3.885496000000000000e+06,2.890886017310408533e+02
3.886432000000000000e+06,2.817160553873223421e+02
3.887368000000000000e+06,2.943521639127702088e+02
3.888300000000000000e+06,2.883809081157122591e+02
3.889236000000000000e+06,2.810646015742040618e+02
3.890172000000000000e+06,1.321143384441772639e+02
3.891108000000000000e+06,2.193822754385229601e+01
3.892040000000000000e+06,-3.647516424574421023e+01
3.892976000000000000e+06,-4.960097256943054589e+01
3.893912000000000000e+06,-4.988259132687984021e+01
3.894848000000000000e+06,-3.272139589065686494e+01
3.895780000000000000e+06,-1.130463284741139418e+01
3.896716000000000000e+06,-1.232514662221207935e+01
3.897652000000000000e+06,-9.331270961416457510e+00
3.898588000000000000e+06,-7.744345737194173296e+00
3.899520000000000000e+06,-8.342022987446414461e+00
3.900456000000000000e+06,-5.907699465891323776e+00
3.901392000000000000e+06,1.800809708872677550e+00
3.902328000000000000e+06,1.393575089192351513e+01
3.903260000000000000e+06,6.808423442878476450e+00
3.904196000000000000e+06,7.241989520476962205e+00
3.905132000000000000e+06,1.115185200053130465e+01
3.906068000000000000e+06,9.198855881938621692e+00
3.907000000000000000e+06,2.721930590076546697e+00
3.907936000000000000e+06,-3.873595625278894339e+00
3.908872000000000000e+06,-3.398034193799725156e+00
3.909808000000000000e+06,-5.481518526441520045e+00
3.910740000000000000e+06,-3.789604917517528815e+00
3.911676000000000000e+06,-4.532014830148627382e+00
3.912612000000000000e+06,-9.028193097867083239e+00
3.913548000000000000e+06,-4.282293783068062076e+00
3.914480000000000000e+06,-2.129200332830158615e+01
3.915416000000000000e+06,-1.005592153043810555e+01
3.916352000000000000e+06,-4.492270552471476108e+00
3.917288000000000000e+06,7.065733502009265976e-01
3.918220000000000000e+06,-4.324289136948745060e+00
3.919156000000000000e+06,3.858162302628980189e+00
3.920092000000000000e+06,4.453588476677687424e+00
3.921028000000000000e+06,3.568696977871264941e+00
3.921960000000000000e+06,1.572086338732453958e+00
3.922896000000000000e+06,4.326970505497553354e+00
3.923832000000000000e+06,-9.940835502224445008e+00
3.924768000000000000e+06,-2.650490219223476274e+00
3.925700000000000000e+06,-3.257171774289845168e+00
3.926636000000000000e+06,-5.352786565913006944e-01
3.927572000000000000e+06,5.134624525153208552e+00
3.928508000000000000e+06,6.266354085298577736e+00
3.929440000000000000e+06,-2.089520398980532212e-01
3.930376000000000000e+06,-8.616052732845482787e-01
3.931312000000000000e+06,1.480084680877505887e-01
3.932248000000000000e+06,-6.567625658262848942e-01
3.933180000000000000e+06,8.596676479279318883e+00
3.934116000000000000e+06,1.032899966894173849e+00
3.935052000000000000e+06,5.192134244032995394e-01
3.935988000000000000e+06,1.270107911474092077e-01
3.936920000000000000e+06,4.410961213258919322e+00
3.937856000000000000e+06,2.093823322433292500e-01
3.938792000000000000e+06,-3.255552607624399908e+00
3.939728000000000000e+06,-2.534772281471729727e+00
3.940660000000000000e+06,1.883846553029878412e-01
3.941596000000000000e+06,1.404104923209722910e+00
3.942532000000000000e+06,3.094754713057541018e+00
3.943468000000000000e+06,6.009530559611330203e-01
3.944400000000000000e+06,1.263874413237929373e+00
3.945336000000000000e+06,1.235269591057020833e+01
3.946272000000000000e+06,5.507448648134202429e+00
3.947208000000000000e+06,4.772180705226166664e-01
3.948140000000000000e+06,4.557944951841308878e+00
3.949076000000000000e+06,-3.050709900166136634e+00
3.950012000000000000e+06,5.113626848212867060e+00
3.950948000000000000e+06,8.904183807188484900e-01
3.951880000000000000e+06,-4.947466216548390250e+00
3.952816000000000000e+06,3.909762865577189883e-01
3.953752000000000000e+06,6.376476531945434623e+00
3.954688000000000000e+06,1.667550688245599266e-01
3.955620000000000000e+06,7.269391176031814172e-01
3.956556000000000000e+06,-3.382170578804534422e+00
3.957492000000000000e+06,-2.842984206966254757e+00
3.958428000000000000e+06,-2.285051234391165309e+00
3.959360000000000000e+06,-1.997294743498061187e-02
3.960296000000000000e+06,-3.526903241183392268e+00
3.961232000000000000e+06,-3.727243796234591677e+00
3.962168000000000000e+06,-5.750229342684514133e-01
3.963100000000000000e+06,-4.944583230806771645e+00
3.964036000000000000e+06,1.114639598452007663e+00
3.964972000000000000e+06,-1.221952632797228766e+01
3.965908000000000000e+06,4.350219258641426556e+00
3.966840000000000000e+06,-9.126428253958193793e+00
3.967776000000000000e+06,1.270107911474092077e-01
3.968712000000000000e+06,-4.595007860969650970e+00
3.969648000000000000e+06,-3.629008640143480680e+00
3.970580000000000000e+06,-7.870963708374307366e+00
3.971516000000000000e+06,-3.092705254046819174e+00
3.972452000000000000e+06,-3.672972410685695355e-01
3.973388000000000000e+06,-5.050203525046565112e+00
3.974320000000000000e+06,-9.147425930898535285e+00
3.975256000000000000e+06,-1.618226240722197007e-01
3.976196000000000000e+06,-8.365271740590285887e+00
3.977128000000000000e+06,-3.108568869042009908e+00
3.978060000000000000e+06,-7.418019120500924934e+00
3.978996000000000000e+06,-4.819229078702809588e+00
3.979932000000000000e+06,-1.293643641125597910e+01
3.980868000000000000e+06,-1.415890990777331027e+01
3.981800000000000000e+06,-5.955460791255243969e+00
3.982736000000000000e+06,-5.120299034474272704e-01
3.983672000000000000e+06,4.350851168179513451e+00
3.984608000000000000e+06,-9.070188451747766223e+00
3.985540000000000000e+06,-5.374279065536280875e+00
3.986476000000000000e+06,3.699786096173776073e-01
3.987412000000000000e+06,-4.555263583292500584e+00
3.988348000000000000e+06,-5.271541757038106013e+00
3.989280000000000000e+06,-3.213557253743716924e+00
3.990216000000000000e+06,-4.345286813889086552e+00
3.991152000000000000e+06,-8.407267094470968871e+00
3.992088000000000000e+06,-3.508017165352923517e-01
3.993020000000000000e+06,-3.068824591364859078e+00
3.993956000000000000e+06,-4.986578584687454629e+00
3.994892000000000000e+06,-1.015703967227083382e+01
3.995828000000000000e+06,-1.482531276680661758e+00
3.996760000000000000e+06,-4.613754461706459864e+00
3.997704000000000000e+06,-4.247683567336062893e+00
3.998632000000000000e+06,5.589577020804502583e-01
3.999568000000000000e+06,-2.800988853085572217e+00
4.001436000000000000e+06,5.589577020804502583e-01
4.002372000000000000e+06,-7.707484445258639738e+00
4.003308000000000000e+06,-5.544511557262544521e+00
4.004240000000000000e+06,-4.902587876926088661e+00
4.005176000000000000e+06,-3.748241473174933169e+00
4.006112000000000000e+06,-5.010459247369414726e+00
4.007048000000000000e+06,-4.245432491132530295e+00
4.007980000000000000e+06,-3.043042102475452815e-01
4.008916000000000000e+06,-1.914478187613702698e+00
4.009852000000000000e+06,1.032899966894173849e+00
4.010788000000000000e+06,-4.286795935475126385e+00
4.011720000000000000e+06,-7.667740167581490240e+00
4.012656000000000000e+06,2.250871311004441377e+00
4.013592000000000000e+06,9.534114115398726330e-01
4.014528000000000000e+06,-1.917327687038970652e+01
4.015460000000000000e+06,-1.313505171807126715e+01
4.016396000000000000e+06,-9.067937375544234513e+00
4.017332000000000000e+06,-5.297673495923597820e+00
4.018268000000000000e+06,-5.087064816982097781e+00
4.019208000000000000e+06,-1.811108969577441385e+00
4.020136000000000000e+06,-4.555263583292500584e+00
4.021072000000000000e+06,-4.903219786464175556e+00
4.022008000000000000e+06,-3.358289916122574770e+00
4.022940000000000000e+06,-3.976964843315156539e+00
4.023876000000000000e+06,-7.291401149320790864e+00
4.024812000000000000e+06,2.430214189115298851e+00
4.025748000000000000e+06,3.907715246979401313e-03
4.026680000000000000e+06,-5.400410804421773570e+00
4.027616000000000000e+06,-4.571759107825776880e+00
4.028552000000000000e+06,-2.432034972973555309e+00
4.029488000000000000e+06,-2.140318572012307463e+00
4.030420000000000000e+06,-4.165943935778229523e+00
4.031356000000000000e+06,-6.147672119456020212e-01
4.032292000000000000e+06,1.177632629273031695e+00
4.033228000000000000e+06,-4.947466216548390250e+00
4.034160000000000000e+06,3.689876431353378283e-02
4.035096000000000000e+06,-5.358415450541090586e+00
4.036032000000000000e+06,-5.031456924309756218e+00
4.036968000000000000e+06,-5.544511557262544521e+00
4.037900000000000000e+06,-3.731745948641655986e+00
4.038836000000000000e+06,-6.139937731311252200e+00
4.039772000000000000e+06,-5.505399189123480141e+00
4.040712000000000000e+06,6.219507329014744013e-01
4.041640000000000000e+06,5.357089489365767232e-01
4.042576000000000000e+06,4.119739634980604248e-01
4.043512000000000000e+06,-4.263547182331253182e+00
4.044448000000000000e+06,-4.653498739383611138e+00
4.045380000000000000e+06,-6.382905549781220600e+00
4.046316000000000000e+06,3.932273627612510869e-01
4.047252000000000000e+06,3.114877312034176615e-01
4.048188000000000000e+06,-2.490525851387515033e+00
4.049120000000000000e+06,-3.587013286262798140e+00
4.050056000000000000e+06,-6.800113189701584293e-01
4.050992000000000000e+06,-8.860211682344351303e+00
4.051928000000000000e+06,4.266228550880061476e+00
4.052860000000000000e+06,-6.018453822076267556e+00
4.053796000000000000e+06,3.699786096173776073e-01
4.054732000000000000e+06,-2.329297664475380003e+00
4.055668000000000000e+06,-1.226215359139105487e+01
4.056600000000000000e+06,-9.954448041016101811e+00
4.057536000000000000e+06,-4.224434814192188803e+00
4.058472000000000000e+06,-3.274299208361209246e+00
4.059408000000000000e+06,-4.450275198590793124e+00
4.060340000000000000e+06,-2.495028003794579341e+00
4.061276000000000000e+06,1.179883705476563627e+00
4.062216000000000000e+06,1.958523000505107303e+00
4.063148000000000000e+06,4.302008338604360049e-02
4.064080000000000000e+06,9.273842284885860821e+00
4.065016000000000000e+06,-1.034728258381008104e+01
4.066888000000000000e+06,-9.462278905840002530e-01
4.067820000000000000e+06,-4.058704474872990353e+00
4.068756000000000000e+06,-5.271541757038106013e+00
4.069692000000000000e+06,-4.555263583292500584e+00
4.070628000000000000e+06,3.699786096173776073e-01
4.071560000000000000e+06,-4.202805227713760416e+00
4.072496000000000000e+06,-5.295422419720066110e+00
4.073432000000000000e+06,3.543197148523859141e+00
4.074368000000000000e+06,1.832536938863059017e+00
4.075300000000000000e+06,3.135130900272778298e+00
4.076236000000000000e+06,-2.432034972973555309e+00
4.077172000000000000e+06,-2.721500297731270557e+00
4.078108000000000000e+06,-5.215933864365764450e+00
4.079040000000000000e+06,-5.750229342684514133e-01
4.079976000000000000e+06,-1.811740879115527836e+00
4.080912000000000000e+06,-5.120299034474272704e-01
4.081848000000000000e+06,-2.597765312292754203e+00
4.082780000000000000e+06,2.392720987641680619e+00
4.083724000000000000e+06,2.537453650020538465e+00
4.084652000000000000e+06,2.392720987641680619e+00
4.085588000000000000e+06,7.008132088391588965e+00
4.086520000000000000e+06,-3.335041162978701124e+00
4.087456000000000000e+06,-4.223802904654101908e+00
4.088392000000000000e+06,-1.227102559331555431e-01
4.089328000000000000e+06,-4.329423198893895375e+00
4.090260000000000000e+06,4.982157474629581029e-01
4.091196000000000000e+06,-4.861224432583492572e+00
4.092132000000000000e+06,3.909762865577189883e-01
4.093068000000000000e+06,-3.379287593062916262e+00
4.094000000000000000e+06,4.226484273202911091e+00
4.094936000000000000e+06,5.773665219748044031e+00
4.095872000000000000e+06,6.489943393493650348e+00
4.096808000000000000e+06,1.137888351595880865e+00
4.097740000000000000e+06,-4.903219786464175556e+00
4.098676000000000000e+06,3.909762865577189883e-01
4.099612000000000000e+06,-4.884473185727365774e+00
4.100548000000000000e+06,1.219627983153714679e+00
4.101480000000000000e+06,5.754532266137274421e-01
4.102416000000000000e+06,4.599940305721991862e+00
4.103352000000000000e+06,4.761168492634126892e+00
4.104288000000000000e+06,7.871394000719583950e+00
4.105228000000000000e+06,5.589577020804502583e-01
4.106156000000000000e+06,-4.926468539608048758e+00
4.107092000000000000e+06,-9.036006271652310406e-01
4.108028000000000000e+06,4.515949597960625894e+00
4.108960000000000000e+06,4.826412599658683078e+00
4.109896000000000000e+06,5.523944172667479613e+00
4.110832000000000000e+06,2.493207219936323327e+00
4.111768000000000000e+06,3.521567562045431643e+00
4.112700000000000000e+06,4.536947274900967386e+00
4.113636000000000000e+06,-4.387282167769769536e+00
4.114572000000000000e+06,7.590932980775996874e+00
4.115508000000000000e+06,-1.585982782151143056e+01
4.116440000000000000e+06,4.226484273202911091e+00
4.117376000000000000e+06,1.032268057356087620e+00
4.118312000000000000e+06,3.444961992432748588e+00
4.119248000000000000e+06,4.302008338604360049e-02
4.120180000000000000e+06,9.699069360731497058e-01
4.121116000000000000e+06,1.011902289953832579e+00
4.122052000000000000e+06,-9.274812898471910261e-01
4.122988000000000000e+06,4.476205320283475508e+00
4.123920000000000000e+06,4.698175461813103304e+00
4.124856000000000000e+06,5.589577020804502583e-01
4.125792000000000000e+06,3.361603194209469514e+00
4.126732000000000000e+06,2.252459472385198724e-01
4.127660000000000000e+06,4.368965859378236338e+00
4.128596000000000000e+06,3.135130900272778298e+00
4.129532000000000000e+06,4.742421891897317998e+00
4.130468000000000000e+06,4.578942628781650370e+00
4.132336000000000000e+06,-1.480912110015216054e+00
4.133272000000000000e+06,4.578942628781650370e+00
4.134208000000000000e+06,6.369091393796752598e+00
4.135140000000000000e+06,3.851409074018383727e+00
4.136076000000000000e+06,1.177632629273031695e+00
4.137012000000000000e+06,3.673685362572971957e+00
4.137948000000000000e+06,1.958523000505107303e+00
4.138880000000000000e+06,1.732050706568416087e+00
4.139816000000000000e+06,3.909762865577189883e-01
4.140752000000000000e+06,7.481442443667225994e+00
4.141688000000000000e+06,3.274729500706485386e+00
4.142620000000000000e+06,6.639460867821571632e-01
4.143556000000000000e+06,6.534189823577865042e+00
4.144492000000000000e+06,-2.597765312292754203e+00
4.145428000000000000e+06,9.945767946976785012e+00
4.146360000000000000e+06,-4.097062437532200674e-02
4.147296000000000000e+06,8.391833771821055166e+00
4.148236000000000000e+06,3.482455193906367263e+00
4.149168000000000000e+06,4.144744641645077721e+00
4.150100000000000000e+06,2.392720987641680619e+00
4.151036000000000000e+06,1.177632629273031695e+00
4.151972000000000000e+06,7.485944596074290303e+00
4.152908000000000000e+06,2.087504227052427441e-01
4.153840000000000000e+06,3.192989869148651572e+00
4.154776000000000000e+06,3.092503636854008864e+00
4.155712000000000000e+06,-3.684616532815821799e+00
4.156648000000000000e+06,1.158886028536222357e+00
4.157580000000000000e+06,5.383713662695686963e+00
4.158516000000000000e+06,7.036903644593079932e-01
4.159452000000000000e+06,4.266228550880061476e+00
4.160388000000000000e+06,6.352595869263474526e+00
4.161320000000000000e+06,4.413212289462451032e+00
4.162256000000000000e+06,7.483693519870757704e+00
4.163192000000000000e+06,8.450324650235014445e+00
4.164128000000000000e+06,5.773665219748044031e+00
4.165060000000000000e+06,3.925657485857068973e+00
4.165996000000000000e+06,2.529968527894576047e-01
4.166932000000000000e+06,7.957635784684482516e+00
4.167868000000000000e+06,5.605683804225312983e+00
4.168800000000000000e+06,-1.017125789928141344e-01
4.169744000000000000e+06,4.389963536318577830e+00
4.170672000000000000e+06,2.847916651718594760e+00
4.171608000000000000e+06,1.877527457649013354e-01
4.172540000000000000e+06,8.594425403075785397e+00
4.173476000000000000e+06,9.840779562275077552e+00
4.174412000000000000e+06,-2.696939945155453766e-01
4.175348000000000000e+06,2.417414717717971118e-01
4.176280000000000000e+06,4.597689229518460152e+00
4.177216000000000000e+06,5.799553790207916393e-01
4.178152000000000000e+06,-5.087696726520183788e+00
4.179088000000000000e+06,8.081370770122997982e+00
4.180020000000000000e+06,5.545573759145907999e+00
4.180956000000000000e+06,8.004765200510316703e+00
4.181892000000000000e+06,5.193115403567167832e+00
4.182828000000000000e+06,3.030142515571071282e+00
4.183760000000000000e+06,1.787913024901203229e+01
4.184696000000000000e+06,-3.108568869042009908e+00
4.185632000000000000e+06,-3.335041162978701124e+00
4.186568000000000000e+06,5.460951141846455137e+00
4.187500000000000000e+06,5.031887216655033690e+00
4.188436000000000000e+06,4.105632273506012453e+00
4.189372000000000000e+06,-4.450275198590793124e+00
4.190308000000000000e+06,6.009530559611330203e-01
4.191248000000000000e+06,2.910909682539619237e+00
4.192176000000000000e+06,7.546686550691782180e+00
4.193112000000000000e+06,-1.090960552962858099e+00
4.194048000000000000e+06,3.156128577213119790e+00
4.194980000000000000e+06,-2.240804804306950171e+00
4.195916000000000000e+06,-2.779359266607143830e+00
4.196852000000000000e+06,-3.913971812494132507e+00
4.197788000000000000e+06,-8.013445294549633502e+00
4.198720000000000000e+06,-1.342932676246954893e+00
4.199656000000000000e+06,-4.450275198590793124e+00
4.200592000000000000e+06,-7.973701016872483116e+00
4.201528000000000000e+06,6.219507329014744013e-01
4.202460000000000000e+06,-3.731745948641655986e+00
4.203396000000000000e+06,5.157873278297081754e+00
4.204332000000000000e+06,4.450705490936069708e+00
4.205268000000000000e+06,6.441720638969991697e+00
4.206200000000000000e+06,-1.955841631956299231e+00
4.207136000000000000e+06,-2.224309279773672987e+00
4.208072000000000000e+06,-1.032469674548897931e+00
4.209008000000000000e+06,2.371723310701339127e+00
4.209940000000000000e+06,1.074895320774856833e+00
4.210876000000000000e+06,-3.689750594760973001e+00
4.211812000000000000e+06,4.784417245778000094e+00
4.212752000000000000e+06,4.289477304023935567e+00
4.213680000000000000e+06,9.483819054289273964e+00
4.214616000000000000e+06,-5.521262804118671319e+00
4.215552000000000000e+06,-7.623493737497274658e+00
4.216488000000000000e+06,2.619193281578371391e+00
4.217420000000000000e+06,5.589577020804502583e-01
4.218356000000000000e+06,-2.366790865948998679e+00
4.219292000000000000e+06,-2.987716869345112158e+00
4.220228000000000000e+06,-8.510004402969144621e+00
4.221160000000000000e+06,-5.683423937051268471e-02
4.222096000000000000e+06,-4.431528597853984230e+00
4.223032000000000000e+06,-5.299924572127130418e+00
4.223968000000000000e+06,-9.829093888912140642e+00
4.224900000000000000e+06,1.590201029931177068e+00
4.225836000000000000e+06,3.907715246979401313e-03
4.226772000000000000e+06,-4.450275198590793124e+00
4.227708000000000000e+06,-4.600141922914802173e+00
4.228640000000000000e+06,-2.574516559148880557e+00
4.229576000000000000e+06,-1.995585909633449617e+00
4.230512000000000000e+06,-5.521262804118671319e+00
4.231448000000000000e+06,-8.179175633868831952e+00
4.232380000000000000e+06,-4.492270552471476108e+00
4.233316000000000000e+06,-1.607885428784623816e+00
4.234256000000000000e+06,-5.379413127481432078e+00
4.235188000000000000e+06,-4.034823812191029369e+00
4.236120000000000000e+06,-3.768607240577187323e+00
4.237056000000000000e+06,-8.304529785972794897e+00
4.237992000000000000e+06,-8.057691724633848196e+00
4.238928000000000000e+06,-8.593995110730510589e+00
4.239860000000000000e+06,-9.107681653221385787e+00
4.240796000000000000e+06,-6.181933085191935184e+00
4.241732000000000000e+06,-8.533253156113017823e+00
4.242668000000000000e+06,-2.018834662777323707e+00
4.243600000000000000e+06,-9.030444174070616725e+00
4.244536000000000000e+06,-1.284045233136840203e+01
4.245472000000000000e+06,3.975144059456900525e+00
4.246408000000000000e+06,-1.129615437056488680e+01
4.247340000000000000e+06,-1.288019660904555153e+01
4.248276000000000000e+06,-1.350337368864519760e+01
4.249212000000000000e+06,-1.042775839629173973e+01
4.250148000000000000e+06,-1.352148837984391960e+01
4.251080000000000000e+06,-1.288244768524908501e+01
4.252016000000000000e+06,-1.552098200472434897e+01
4.252952000000000000e+06,-1.320877430194233071e+01
4.253888000000000000e+06,-7.271035381918535379e+00
4.254820000000000000e+06,-5.049571615508478217e+00
4.255764000000000000e+06,-1.342163405708736512e+01
4.256692000000000000e+06,-2.032087004553026333e+01
4.257628000000000000e+06,-1.706077781312080077e+01
4.258560000000000000e+06,-2.421711998679294808e+01
4.259496000000000000e+06,-1.939398319284315875e+01
4.260432000000000000e+06,-2.081742915394977445e+01
4.261368000000000000e+06,-1.797053723173653950e+01
4.262300000000000000e+06,-1.825775148029072525e+01
4.263236000000000000e+06,-1.799378598488041447e+01
4.264172000000000000e+06,-2.109950934055881078e+01
4.265108000000000000e+06,-2.281565895975403535e+01
4.266040000000000000e+06,-2.648444934995266564e+01
4.266976000000000000e+06,-2.652644470383334863e+01
4.267912000000000000e+06,-2.840220334327526430e+01
4.268848000000000000e+06,-4.017332470815922818e+01
4.269780000000000000e+06,-3.353517122938502126e+01
4.270716000000000000e+06,-3.796835646628245087e+01
4.271652000000000000e+06,-3.961764281178767533e+01
4.272588000000000000e+06,-5.185757237954022258e+01
4.273520000000000000e+06,-5.919262552178514625e+01
4.274456000000000000e+06,-5.965070417160367811e+01
4.275392000000000000e+06,-5.996053526376364573e+01
4.276328000000000000e+06,-6.911123700037106232e+01
4.277268000000000000e+06,-7.634193366745238052e+01
4.278196000000000000e+06,-2.835679917568534236e+01
4.279132000000000000e+06,3.597079792960288902e+00
4.280068000000000000e+06,5.030280467765359020e+01
4.281000000000000000e+06,1.001256787794212926e+02
4.281936000000000000e+06,1.600827366202832422e+02
4.282872000000000000e+06,1.999443719800462418e+02
4.283808000000000000e+06,2.132229300137981909e+02
4.284740000000000000e+06,2.048724971586977404e+02
4.285676000000000000e+06,1.813547670011498383e+02
4.286612000000000000e+06,1.445874935344771188e+02
4.287548000000000000e+06,9.516420720411397838e+01
4.288480000000000000e+06,6.633128329660384281e+01
4.289416000000000000e+06,2.799456738736945738e+01
4.290352000000000000e+06,1.111210772285415516e+01
4.291288000000000000e+06,-6.380159650894756673e-01
4.292220000000000000e+06,-2.384905557147721566e+00
4.293156000000000000e+06,-1.190182966181327684e+00
4.294092000000000000e+06,5.424089849910923355e+00
4.295028000000000000e+06,1.422219614408445798e+00
4.295960000000000000e+06,7.059414406628400362e-01
4.296896000000000000e+06,5.386596648437305568e+00
4.297832000000000000e+06,6.333849268526665632e+00
4.298772000000000000e+06,1.000200774918721258e+01
4.299700000000000000e+06,8.207356831765046934e+00
4.300636000000000000e+06,1.156505231072753581e+01
4.301572000000000000e+06,8.394084848024588652e+00
4.302508000000000000e+06,2.637939882315181173e+00
4.303440000000000000e+06,5.860538913251028603e+00
4.304376000000000000e+06,9.699069360731497058e-01
4.305312000000000000e+06,1.450602429497469981e+00
4.306248000000000000e+06,-4.468389889789516012e+00
4.307180000000000000e+06,-3.726611886696504783e+00
4.308116000000000000e+06,-6.573503808909738844e+00
4.309052000000000000e+06,-3.045575838220985876e+00
4.309988000000000000e+06,2.911219638011627309e-01
4.310920000000000000e+06,1.572086338732453958e+00
4.311856000000000000e+06,-4.471272875531134616e+00
4.312792000000000000e+06,-5.542260481059012811e+00
4.313728000000000000e+06,-1.280359103943286847e+01
4.314660000000000000e+06,-4.466138813585984302e+00
4.315596000000000000e+06,-6.632626596861785018e+00
4.316532000000000000e+06,3.114133223332436806e+00
4.317468000000000000e+06,6.413337823880967292e+00
4.318400000000000000e+06,1.464846877827215010e+00
4.319336000000000000e+06,-3.234554930684058416e+00
4.320276000000000000e+06,-2.573884649610794106e+00
4.321208000000000000e+06,5.008638463511159600e+00
4.322140000000000000e+06,3.699786096173776073e-01
4.323076000000000000e+06,2.847916651718594760e+00
4.324012000000000000e+06,-4.282293783068062076e+00
4.324948000000000000e+06,-3.437778471476875986e+00
4.325880000000000000e+06,6.039881791361885632e+00
4.326816000000000000e+06,5.463834127588073741e+00
4.327752000000000000e+06,7.113120473093296425e+00
4.328688000000000000e+06,3.156128577213119790e+00
4.329620000000000000e+06,1.072644244571324679e+00
4.330556000000000000e+06,-3.503022578501432172e+00
4.331492000000000000e+06,5.503578405265225015e+00
4.332428000000000000e+06,-3.787985750852083999e+00
4.333360000000000000e+06,6.684056547901873202e+00
4.334296000000000000e+06,6.291853914645982648e+00
4.335232000000000000e+06,5.946780697215926281e+00
4.336168000000000000e+06,2.866663252455404542e+00
4.337100000000000000e+06,-5.330275803877686513e-01
4.338036000000000000e+06,3.445593901970835038e+00
4.338972000000000000e+06,1.614081692613136720e+00
4.339908000000000000e+06,-5.148438681137676554e+00
4.340840000000000000e+06,2.745179343220419899e+00
4.341780000000000000e+06,-1.790743202175186566e+00
4.342712000000000000e+06,5.568190602751694307e+00
4.343648000000000000e+06,-1.503528953621003250e+00
4.344580000000000000e+06,-3.852597948338552847e+00
4.345516000000000000e+06,3.276980576910017540e+00
4.346452000000000000e+06,6.084128221446101215e+00
4.347388000000000000e+06,4.119739634980604248e-01
4.348320000000000000e+06,-1.235061305803629272e+00
4.349256000000000000e+06,5.400841096767050153e+00
4.350192000000000000e+06,3.442710916229216433e+00
4.351128000000000000e+06,-3.958218242578347201e+00
4.352060000000000000e+06,-4.903219786464175556e+00
4.352996000000000000e+06,1.177000719734945244e+00
4.353932000000000000e+06,1.550456752254026238e+00
4.354868000000000000e+06,4.266228550880061476e+00
4.355800000000000000e+06,3.297978253850358588e+00
4.356736000000000000e+06,5.113626848212867060e+00
4.357672000000000000e+06,-4.202805227713760416e+00
4.358608000000000000e+06,-8.622371828226346180e-01
4.359540000000000000e+06,-2.371293018356062987e+00
4.360476000000000000e+06,4.329716404384018058e-01
4.361412000000000000e+06,3.092503636854008864e+00
4.362348000000000000e+06,4.515949597960625894e+00
4.363284000000000000e+06,4.557944951841308878e+00
4.364216000000000000e+06,-4.242549505390911690e+00
4.365152000000000000e+06,4.300886546967830903e-01
4.366088000000000000e+06,3.116384299535968960e+00
4.367020000000000000e+06,-3.605759886999607478e+00
4.367956000000000000e+06,3.092366549998854519e-01
4.368892000000000000e+06,-5.192053201683804353e+00
4.369828000000000000e+06,-4.427026445446919922e+00
4.370760000000000000e+06,-5.603002435676503801e+00
4.371696000000000000e+06,2.084509062147155589e+00
4.372632000000000000e+06,-2.408786219829681219e+00
4.373568000000000000e+06,-1.032469674548897931e+00
4.374500000000000000e+06,1.480078583284319294e+00
4.375436000000000000e+06,2.768428096364293545e+00
4.376372000000000000e+06,2.577197927697688851e+00
4.377308000000000000e+06,4.119739634980604248e-01
4.378240000000000000e+06,-1.997836985836981993e+00
4.379176000000000000e+06,-5.584255834939694907e+00
4.380112000000000000e+06,-3.663618855875480307e+00
4.381048000000000000e+06,3.298610163388445038e+00
4.381980000000000000e+06,-4.720993922611699922e+00
4.382916000000000000e+06,-8.434905820858253911e-01
4.383852000000000000e+06,5.505829481468756725e+00
4.384788000000000000e+06,-4.160809873833077432e+00
4.385720000000000000e+06,2.064993465017106455e-01
4.386656000000000000e+06,-4.722856257702765514e-01
4.387592000000000000e+06,-3.335041162978701124e+00
4.388528000000000000e+06,-2.840101221224636152e+00
4.389460000000000000e+06,-1.361047367445677558e+00
4.390396000000000000e+06,-8.233406871791831838e-02
4.391332000000000000e+06,-7.640020267315240643e-01
4.392268000000000000e+06,-4.634752138646801356e+00
4.393200000000000000e+06,-2.679504943850587573e+00
4.394136000000000000e+06,-4.564220107750857625e-01
4.395072000000000000e+06,-3.254920698086312569e+00
4.396008000000000000e+06,-2.490525851387515033e+00
4.396940000000000000e+06,-3.026829237484176538e+00
4.397876000000000000e+06,-4.699996245671358430e+00
4.398812000000000000e+06,-7.588679647863733058e-01
4.399748000000000000e+06,-2.490525851387515033e+00
4.400680000000000000e+06,-3.479773825357558970e+00
4.401616000000000000e+06,-5.047952448843033402e+00
4.402552000000000000e+06,6.219507329014744013e-01
4.403488000000000000e+06,-1.235061305803629272e+00
4.404420000000000000e+06,7.036903644593079932e-01
4.405356000000000000e+06,5.589188279692035799e+00
4.406292000000000000e+06,8.484230268381657281e-01
4.407228000000000000e+06,1.177632629273031695e+00
4.408160000000000000e+06,4.959646712594260043e-01
4.409096000000000000e+06,-2.140318572012307463e+00
4.410032000000000000e+06,4.950147585097199432e+00
4.410968000000000000e+06,-3.092705254046819174e+00
4.411900000000000000e+06,-4.469021799327602906e+00
4.412836000000000000e+06,1.797926723131058724e+00
4.413772000000000000e+06,6.513824056175610444e+00
4.414708000000000000e+06,-5.404127185364513419e-01
4.415640000000000000e+06,-6.080139833350057810e-01
4.416576000000000000e+06,-2.658507266910246081e+00
4.417512000000000000e+06,4.302008338604360049e-02
4.418448000000000000e+06,-2.742497974671612049e+00
4.419380000000000000e+06,4.389963536318577830e+00
4.420316000000000000e+06,1.485212645229470052e+00
4.421252000000000000e+06,3.907715246979401313e-03
4.422188000000000000e+06,-2.576767635352412711e+00
4.423120000000000000e+06,-3.663618855875480307e+00
4.424056000000000000e+06,-4.966212817285200032e+00
4.424992000000000000e+06,1.051646567630983409e+00
4.425928000000000000e+06,-3.934337579896386661e+00
4.426860000000000000e+06,-3.421914856481685252e+00
4.427796000000000000e+06,-4.841845922308596784e+00
4.428732000000000000e+06,4.103381197302480743e+00
4.429668000000000000e+06,1.219627983153714679e+00
4.430600000000000000e+06,-4.286795935475126385e+00
4.431536000000000000e+06,5.195366479770699542e+00
4.432472000000000000e+06,5.337848065946025677e+00
4.433408000000000000e+06,-2.119320895071965971e+00
4.434340000000000000e+06,-9.259167544210839651e+00
4.435276000000000000e+06,1.405948587736203059e+01
4.436212000000000000e+06,-4.305542536211935278e+00
4.437148000000000000e+06,3.443342825767302884e+00
4.438080000000000000e+06,2.600446680841562497e+00
4.439016000000000000e+06,-2.658507266910246081e+00
4.439952000000000000e+06,1.883846553029878412e-01
4.440888000000000000e+06,-2.458133318335853079e-01
4.441820000000000000e+06,2.684437388602928021e+00
4.442756000000000000e+06,-3.832232180936298693e+00
4.443692000000000000e+06,-7.292033058858876871e+00
4.444628000000000000e+06,-7.400536338840288941e+00
4.445560000000000000e+06,-1.062147313998783038e-01
4.446496000000000000e+06,1.156003042794603974e+00
4.447432000000000000e+06,3.069855787963534088e-01
4.448368000000000000e+06,-8.451097487512710948e-01
4.449300000000000000e+06,-1.216314705066819934e+00
4.450236000000000000e+06,-3.647755240880290017e+00
4.451172000000000000e+06,-3.913971812494132507e+00
4.452108000000000000e+06,-4.345286813889086552e+00
4.453040000000000000e+06,-6.097942377430569216e+00
4.453976000000000000e+06,-8.158177956928490460e+00
4.454912000000000000e+06,-1.177202336927755555e+00
4.455848000000000000e+06,-1.055824661034085388e+01
4.456780000000000000e+06,-5.337417773600749094e+00
4.457716000000000000e+06,4.365199292413010634e-02
4.458652000000000000e+06,-6.839088470985493551e+00
4.459588000000000000e+06,-4.387282167769769536e+00
4.460520000000000000e+06,1.156634952332690425e+00
4.461456000000000000e+06,2.600446680841562497e+00
4.462392000000000000e+06,-3.485506403317601976e-01
4.463328000000000000e+06,-6.899830425602986317e+00
4.464260000000000000e+06,-6.578637870854890046e+00
4.465196000000000000e+06,-1.185183626693644321e+01
4.466132000000000000e+06,3.156128577213119790e+00
4.467068000000000000e+06,-4.016077211454219587e+00
4.468000000000000000e+06,-4.947466216548390250e+00
4.468936000000000000e+06,-4.821480154906342186e+00
4.469872000000000000e+06,-8.008633186670560677e-01
4.470808000000000000e+06,-7.994066784274737714e+00
4.471740000000000000e+06,-4.924217463404517048e+00
4.472676000000000000e+06,-3.913339902956045169e+00
4.473612000000000000e+06,5.010987332045767628e-01
4.474548000000000000e+06,-9.806832392895627137e+00
4.475480000000000000e+06,-4.366284490829428044e+00
4.476416000000000000e+06,-6.510510778088715256e+00
4.477352000000000000e+06,-5.458269773297646843e+00
4.478288000000000000e+06,-3.621623501994797767e+00
4.479220000000000000e+06,-2.553518882208539065e+00
4.480156000000000000e+06,-3.932086503692854507e+00
4.481092000000000000e+06,-4.720993922611699922e+00
4.482028000000000000e+06,-3.045575838220985876e+00
4.482960000000000000e+06,-3.913339902956045169e+00
4.483896000000000000e+06,5.419587697503859047e+00
4.484832000000000000e+06,-1.108392652495794017e+01
4.485768000000000000e+06,2.064143294744900547e+00
4.486700000000000000e+06,-1.787860216433568183e+00
4.487636000000000000e+06,-6.323150852291087531e+00
4.488572000000000000e+06,-2.264053557450823817e+00
4.489508000000000000e+06,-6.920828102543327809e+00
4.490440000000000000e+06,-6.615499162790421828e+00
4.491376000000000000e+06,-3.668752917820631509e+00
4.492312000000000000e+06,3.121196407415041119e-01
4.493248000000000000e+06,1.422219614408445798e+00
4.494180000000000000e+06,4.365199292413010634e-02
4.495116000000000000e+06,7.434346421364587121e-01
4.496052000000000000e+06,-4.247683567336062893e+00
4.496988000000000000e+06,-4.757855214547230815e+00
4.497920000000000000e+06,-8.447011372148120145e+00
4.498856000000000000e+06,-4.469021799327602906e+00
4.499792000000000000e+06,-6.797725026642897461e+00
4.500728000000000000e+06,-9.028193097867083239e+00
4.501660000000000000e+06,-1.320940621148041849e+01
4.502596000000000000e+06,-4.202805227713760416e+00
4.503532000000000000e+06,3.009144838630729790e+00
4.504468000000000000e+06,-9.788085792158817355e+00
4.505400000000000000e+06,-5.047952448843033402e+00
4.506336000000000000e+06,-8.551999756849827605e+00
4.507272000000000000e+06,-1.790111292637100115e+00
4.508208000000000000e+06,-8.593995110730510589e+00
4.509140000000000000e+06,-7.726231045995449520e+00
4.510076000000000000e+06,-1.972337156489576415e+00
4.511012000000000000e+06,-7.460014474381607918e+00
4.511948000000000000e+06,-2.261802481247291663e+00
4.512880000000000000e+06,-3.773741302522338525e+00
4.513816000000000000e+06,4.662933336543016338e+00
4.514752000000000000e+06,4.805414922718341586e+00
4.515688000000000000e+06,4.823521324677674804e-01
4.516620000000000000e+06,-4.532014830148627382e+00
4.517556000000000000e+06,1.177632629273031695e+00
4.518492000000000000e+06,-3.997330610717410693e+00
4.519428000000000000e+06,-3.479141915819472075e+00
4.520360000000000000e+06,-5.337417773600749094e+00
4.521296000000000000e+06,-3.358289916122574770e+00
4.522232000000000000e+06,-4.058072565334902571e+00
4.523168000000000000e+06,-2.777108190403612120e+00
4.524100000000000000e+06,-4.756236047881786000e+00
4.525036000000000000e+06,-5.873721159697409711e+00
4.525972000000000000e+06,4.539693173787431868e-01
4.526908000000000000e+06,6.690074606800361368e-02
4.527840000000000000e+06,-4.618256614113525060e+00
4.528776000000000000e+06,-3.882949180089109165e-01
4.529712000000000000e+06,-3.521137269700155059e+00
4.530648000000000000e+06,-1.071497264484592371e+01
4.531580000000000000e+06,-5.315788187122320707e+00
4.532516000000000000e+06,-2.429783896770022711e+00
4.533452000000000000e+06,-8.981695591579336835e+00
4.534388000000000000e+06,-7.296535211265941179e+00
4.535320000000000000e+06,-8.197290325067555727e+00
4.536256000000000000e+06,3.909762865577189883e-01
4.537192000000000000e+06,-4.553012507088968874e+00
4.538128000000000000e+06,-4.408279844710111028e+00
4.539060000000000000e+06,-4.758487124085317710e+00
4.539996000000000000e+06,-2.534772281471729727e+00
4.540932000000000000e+06,-3.663618855875480307e+00
4.541868000000000000e+06,-3.831600271398211799e+00
4.542800000000000000e+06,-4.902587876926088661e+00
4.543736000000000000e+06,-9.070188451747766223e+00
4.544672000000000000e+06,-2.345793189008657187e+00
4.545608000000000000e+06,-7.828336444955538376e+00
4.546540000000000000e+06,-2.639760666173436743e+00
4.547476000000000000e+06,-4.576261260232842076e+00
4.548412000000000000e+06,-5.357783541003003691e+00
4.549348000000000000e+06,1.259372260830865287e+00
4.550280000000000000e+06,-7.663238015174425044e+00
4.551216000000000000e+06,-1.051174910405310570e+01
4.552152000000000000e+06,-8.036062138155420698e+00
4.553088000000000000e+06,-1.127227370788292582e+01
4.554020000000000000e+06,-1.512490912859948189e+01
4.554956000000000000e+06,-1.048399819850216907e+01
4.555892000000000000e+06,5.386596648437305568e+00
4.556828000000000000e+06,-1.053049570478991548e+01
4.557760000000000000e+06,-7.767594490338046498e+00
4.558696000000000000e+06,-8.799469727726860313e+00
4.559632000000000000e+06,-8.325527462913136389e+00
4.560568000000000000e+06,-5.376530141739813473e+00
4.561500000000000000e+06,-4.757855214547230815e+00
4.562436000000000000e+06,-3.770858316780719477e+00
4.563372000000000000e+06,-6.799976102846430059e+00
4.564308000000000000e+06,-2.864969141033954614e+00
4.565240000000000000e+06,-4.897684074309127111e-01
4.566176000000000000e+06,-5.113196555867589588e+00
4.567112000000000000e+06,-3.316294562241892230e+00
4.568048000000000000e+06,-6.881083824866176535e+00
4.568980000000000000e+06,-4.513268229411817600e+00
4.569916000000000000e+06,-1.408249471318783197e-01
4.570852000000000000e+06,-8.841465081607543297e+00
4.571788000000000000e+06,-6.533759531232588458e+00
4.572720000000000000e+06,-7.497507675855225706e+00
4.573656000000000000e+06,-6.205181838335808386e+00
4.574592000000000000e+06,7.043222739973944435e-01
4.575528000000000000e+06,-2.021085738980855417e+00
4.576460000000000000e+06,-4.821480154906342186e+00
4.577396000000000000e+06,-4.058072565334902571e+00
4.578332000000000000e+06,-2.287302310594697463e+00
4.579268000000000000e+06,2.600446680841562497e+00
4.580200000000000000e+06,-5.339036940266193909e+00
4.581136000000000000e+06,-8.344274063649944395e+00
4.582072000000000000e+06,-6.396351317549211490e-01
4.583008000000000000e+06,-1.015767158180891983e+01
4.583940000000000000e+06,-4.613122552168373858e+00
4.584876000000000000e+06,-7.242577490543733454e-01
4.585812000000000000e+06,-3.155698284867843650e+00
4.586748000000000000e+06,-1.034376768853037376e+01
4.587680000000000000e+06,5.589577020804502583e-01
4.588616000000000000e+06,-9.646868025059664120e+00
4.589552000000000000e+06,1.597660796114653969e+01
4.590488000000000000e+06,8.339627060128082525e-02
4.591420000000000000e+06,-1.008589011866938057e+00
4.592356000000000000e+06,-1.548407293243304839e+00
4.593292000000000000e+06,-6.608114024641738027e+00
4.594228000000000000e+06,7.241357610938877087e+00
4.595160000000000000e+06,4.700426538016635014e+00
4.596096000000000000e+06,1.321658973243629198e+01
4.597032000000000000e+06,5.424089849910923355e+00
4.597968000000000000e+06,5.627313390703741369e+00
4.598900000000000000e+06,4.989891862774350706e+00
4.599836000000000000e+06,6.219507329014744013e-01
4.600772000000000000e+06,4.782798079112554390e+00
4.601708000000000000e+06,9.886535368099591548e-01
4.602640000000000000e+06,5.050633817391842584e+00
4.603576000000000000e+06,2.432465265318831449e+00
4.604512000000000000e+06,7.029129765331930457e+00
4.605448000000000000e+06,4.700426538016635014e+00
4.606380000000000000e+06,1.385358322472913573e+00
4.607316000000000000e+06,5.092629171272525568e+00
4.608252000000000000e+06,5.689674511986678951e+00
4.609188000000000000e+06,1.587949953727644692e+00
4.610120000000000000e+06,6.678922485956722888e+00
4.611056000000000000e+06,7.418449412846201518e+00
4.611992000000000000e+06,4.434209966402792524e+00
4.612928000000000000e+06,4.597689229518460152e+00
4.613860000000000000e+06,-8.374907954942500510e+00
4.614796000000000000e+06,-9.084432900077510809e+00
4.615732000000000000e+06,-1.278421252915797268e+01
4.616668000000000000e+06,4.352227166419339044e-01
4.617600000000000000e+06,6.123872499123251600e+00
4.618536000000000000e+06,7.197111180854661505e+00
4.619472000000000000e+06,-5.960206112087929053e-01
4.620408000000000000e+06,7.434346421364587121e-01
4.621340000000000000e+06,2.271868987944782869e+00
4.622276000000000000e+06,2.415969740785553821e+00
4.623212000000000000e+06,4.410961213258919322e+00
4.624148000000000000e+06,2.432465265318831449e+00
4.625080000000000000e+06,4.515949597960625894e+00
4.626016000000000000e+06,7.402585797851011229e+00
4.626952000000000000e+06,5.484831804528415233e+00
4.627888000000000000e+06,2.166248693704988959e+00
4.628820000000000000e+06,8.274253498978243471e-01
4.629756000000000000e+06,2.432465265318831449e+00
4.630692000000000000e+06,4.721424214956976506e+00
4.631628000000000000e+06,1.322365291651889319e+00
4.632560000000000000e+06,2.535834483355092761e+00
4.633496000000000000e+06,5.379843419826708661e+00
4.634432000000000000e+06,-1.569184640598869862e+01
4.635368000000000000e+06,7.182234822986830025e+00
4.636300000000000000e+06,5.147112719962353422e-01
4.637236000000000000e+06,3.913770195301322197e+00
4.638172000000000000e+06,3.156128577213119790e+00
4.639108000000000000e+06,3.916653181042939913e+00
4.640040000000000000e+06,1.093641921511666171e+00
4.640976000000000000e+06,1.032899966894173849e+00
4.641912000000000000e+06,1.755931369250375962e+00
4.642848000000000000e+06,8.018377739301973506e+00
4.643780000000000000e+06,1.137888351595880865e+00
4.644716000000000000e+06,2.990398237893920452e+00
4.645652000000000000e+06,-2.986453050268938814e+00
4.646588000000000000e+06,-1.748115938756417131e+00
4.647520000000000000e+06,-2.855576095107359991e-01
4.648456000000000000e+06,4.989891862774350706e+00
4.649392000000000000e+06,8.039375416242314998e+00
4.650328000000000000e+06,9.441823700408590980e+00
4.651260000000000000e+06,8.679048020375237371e+00
4.652196000000000000e+06,5.157873278297081754e+00
4.653132000000000000e+06,1.712572212316240683e-01
4.654068000000000000e+06,-8.500894016584549462e+00
4.655000000000000000e+06,-5.530899018470885942e+00
4.655936000000000000e+06,3.009144838630729790e+00
4.656872000000000000e+06,9.489092591328083248e-01
4.657808000000000000e+06,2.826918974778253713e+00
4.658740000000000000e+06,9.489092591328083248e-01
4.659676000000000000e+06,-2.060830016658006247e+00
4.660612000000000000e+06,6.039881791361885632e+00
4.661548000000000000e+06,1.322365291651889319e+00
4.662480000000000000e+06,7.456857183399907552e-01
4.663416000000000000e+06,7.651674935393488752e+00
4.664352000000000000e+06,5.610817866170464185e+00
4.665288000000000000e+06,8.102368447063339474e+00
4.666220000000000000e+06,6.219507329014744013e-01
4.667156000000000000e+06,-1.790111292637100115e+00
4.668092000000000000e+06,3.137381976476310008e+00
4.669028000000000000e+06,5.218615232914573632e+00
4.669960000000000000e+06,-4.387282167769769536e+00
4.670896000000000000e+06,-2.458133318335853079e-01
4.671832000000000000e+06,-2.779359266607143830e+00
4.672768000000000000e+06,3.527333533528668408e+00
4.673700000000000000e+06,1.358779468875184016e+01
4.674636000000000000e+06,-5.339036940266193909e+00
4.675572000000000000e+06,7.451966289880376237e+00
4.676508000000000000e+06,-5.743910247303649630e-01
4.677440000000000000e+06,7.434346421364587121e-01
4.678376000000000000e+06,-5.330275803877686513e-01
4.679312000000000000e+06,-4.762989276492382906e+00
4.680248000000000000e+06,-2.490525851387515033e+00
4.681180000000000000e+06,4.700426538016635014e+00
4.682116000000000000e+06,-3.927970704159751136e-01
4.683052000000000000e+06,2.498341281881473641e+00
4.683988000000000000e+06,-4.302902718895937340e-01
4.684920000000000000e+06,1.043939475416222340e-01
4.685856000000000000e+06,1.454468352319341662e+01
4.686792000000000000e+06,-6.822623951736905834e-01
4.687728000000000000e+06,6.432084424617776186e+00
4.688660000000000000e+06,-3.503022578501432172e+00
4.689596000000000000e+06,1.219627983153714679e+00
4.690532000000000000e+06,-2.077325541191283431e+00
4.691468000000000000e+06,-2.737363912726461290e+00
4.692400000000000000e+06,-1.253807906540438610e+00
4.693336000000000000e+06,-4.903219786464175556e+00
4.694272000000000000e+06,-3.583656243017130372e-02
4.695208000000000000e+06,4.539198351104499096e+00
4.696140000000000000e+06,8.274253498978243471e-01
4.697076000000000000e+06,2.685069298141014471e+00
4.698012000000000000e+06,-2.576767635352412711e+00
4.698948000000000000e+06,5.421838773707391645e+00
4.699880000000000000e+06,-5.747735098055361647e+00
4.700816000000000000e+06,3.525082457325136698e+00
4.701752000000000000e+06,-7.460014474381607918e+00
4.702688000000000000e+06,-4.506560392918486091e-01
4.703620000000000000e+06,-5.540009404855479325e+00
4.704556000000000000e+06,1.140139427799413241e+00
4.705492000000000000e+06,-4.783986953432723510e+00
4.706428000000000000e+06,2.579449003901221005e+00
4.707360000000000000e+06,3.030142515571071282e+00
4.708296000000000000e+06,2.826918974778253713e+00
4.709232000000000000e+06,-4.490019476267944398e+00
4.710168000000000000e+06,-2.534772281471729727e+00
4.711100000000000000e+06,-8.302278709769261411e+00
4.712036000000000000e+06,-5.213050878624145845e+00
4.712972000000000000e+06,-8.986197743986400255e+00
4.713908000000000000e+06,-1.029888934890807128e+01
4.714840000000000000e+06,-7.702294273744996200e-01
4.715776000000000000e+06,-1.175296920130724487e+01
4.716712000000000000e+06,-8.428264771411310363e+00
4.717648000000000000e+06,-9.044688622400361311e+00
4.718580000000000000e+06,-3.234554930684058416e+00
4.719516000000000000e+06,-3.882949180089109165e-01
4.720452000000000000e+06,-1.051174910405310570e+01
4.722320000000000000e+06,-1.026427913317607477e+01
4.723256000000000000e+06,-7.457763398178076208e+00
4.724192000000000000e+06,-1.500117414316096642e+01
4.725128000000000000e+06,-8.740978849312901033e+00
4.726060000000000000e+06,-1.288019660904555153e+01
4.726996000000000000e+06,-8.740978849312901033e+00
4.727932000000000000e+06,-1.279845697748771904e+01
4.728868000000000000e+06,-7.147300396480019025e+00
4.729800000000000000e+06,-4.513268229411817600e+00
4.730736000000000000e+06,-3.479141915819472075e+00
4.731672000000000000e+06,-8.510004402969144621e+00
4.732608000000000000e+06,-7.872582875039753070e+00
4.733540000000000000e+06,-1.310603699344415674e+01
4.734476000000000000e+06,-4.792465430279230887e+00
4.735412000000000000e+06,-2.047010486031618726e+01
4.736348000000000000e+06,-1.244374754570544717e+01
4.737280000000000000e+06,-1.846772824969414017e+01
4.738216000000000000e+06,-1.526900988144025106e+01
4.739152000000000000e+06,-1.955971353216235897e+01
4.740088000000000000e+06,-1.634513154891327957e+01
4.741020000000000000e+06,-1.446874099993328144e+01
4.741956000000000000e+06,-2.011539542853391538e+01
4.742892000000000000e+06,-2.145646984854461436e+01
4.743828000000000000e+06,-2.184417032939344239e+01
4.744760000000000000e+06,-2.512237725300162694e+01
4.745696000000000000e+06,-2.541634473016640783e+01
4.746632000000000000e+06,-2.627960664249440370e+01
4.747568000000000000e+06,-3.588036998123359211e+01
4.748500000000000000e+06,-4.083111200349087966e+01
4.749436000000000000e+06,-3.821357536095595719e+01
4.750372000000000000e+06,-2.836020798939458132e+01
4.751308000000000000e+06,-3.926293338000540700e+01
4.752240000000000000e+06,-3.998884776810321995e+01
4.753176000000000000e+06,-5.822500713429352714e+01
4.754112000000000000e+06,-4.545327633285138091e+01
4.755048000000000000e+06,-5.435200594617471381e+01
4.755980000000000000e+06,-5.556646239500527429e+01
4.756916000000000000e+06,-6.540171507536793172e+01
4.757852000000000000e+06,-7.782548967363838699e+01
4.758788000000000000e+06,-7.634643581985942262e+01
4.759720000000000000e+06,-8.049240680820267357e+01
4.760656000000000000e+06,-9.229525540307703579e+01
4.761592000000000000e+06,-1.121318464507108104e+02
4.762528000000000000e+06,-1.421181295048447453e+02
4.763460000000000000e+06,-9.568739061739317719e+01
4.764396000000000000e+06,-6.667403049307435481e+01
4.765332000000000000e+06,1.796248904723530870e+01
4.766268000000000000e+06,9.976023979458899760e+01
4.767200000000000000e+06,2.477156594595409160e+02
4.768136000000000000e+06,2.930345087262817287e+02
4.769072000000000000e+06,2.933874285110201754e+02
4.770008000000000000e+06,2.932170255389156068e+02
4.770940000000000000e+06,2.894393765211462437e+02
4.771876000000000000e+06,1.610817268901759860e+02
4.772812000000000000e+06,7.221324384357694726e+01
4.773748000000000000e+06,1.949426780794498981e+01
4.774680000000000000e+06,-2.618597972038082133e+01
4.775616000000000000e+06,-3.719882755763850213e+01
4.776552000000000000e+06,-3.012134202978257136e+01
4.777488000000000000e+06,-2.791925677364741176e+01
4.778420000000000000e+06,-9.330639051878369727e+00
4.779356000000000000e+06,-2.898592099638595876e+00
4.780292000000000000e+06,6.311232424920878437e+00
4.781228000000000000e+06,2.330991775896829488e+00
4.782160000000000000e+06,6.015849654992195816e-01
4.783096000000000000e+06,1.004238393640244986e+01
4.784032000000000000e+06,4.008660936491074800e+00
4.784968000000000000e+06,7.257853135472153383e+00
4.785900000000000000e+06,1.115986904821807535e+01
4.787772000000000000e+06,3.879159979569321681e+00
4.788708000000000000e+06,3.735059226728550730e+00
4.789640000000000000e+06,1.200881382416905119e+00
4.790576000000000000e+06,1.282621013974738711e+00
4.791512000000000000e+06,-4.055821489131370861e+00
4.792448000000000000e+06,-1.034376768853037376e+01
4.793380000000000000e+06,-1.310666890298224274e+01
4.794316000000000000e+06,-5.936714190518434187e+00
4.795252000000000000e+06,-4.779484801025659202e+00
4.796188000000000000e+06,-4.965580907747113137e+00
4.797120000000000000e+06,-1.160085140077970678e+01
4.798056000000000000e+06,-8.260283355888580203e+00
4.798992000000000000e+06,-1.102318457034044918e+01
4.799928000000000000e+06,1.074895320774856833e+00
4.800860000000000000e+06,5.094880247476057278e+00
4.801796000000000000e+06,2.271868987944782869e+00
4.802732000000000000e+06,-2.219807127366608679e+00
4.803668000000000000e+06,-4.547878445143816784e+00
4.804600000000000000e+06,-3.231671944942439367e+00
4.805536000000000000e+06,-1.107168838069425565e-01
4.806472000000000000e+06,-4.489387566729857504e+00
4.807408000000000000e+06,-1.155660497069549031e+01
4.808340000000000000e+06,6.495077455438800662e+00
4.809276000000000000e+06,4.539693173787431868e-01
4.810212000000000000e+06,-7.499758752058759192e+00
4.811148000000000000e+06,-8.206926539419770350e+00
4.812080000000000000e+06,2.151016988247885120e+00
4.813016000000000000e+06,-3.189676591061756383e+00
4.813952000000000000e+06,5.650562143847614571e+00
4.814888000000000000e+06,-3.644142553269509310e-01
4.815820000000000000e+06,-3.649374407545735277e+00
4.816756000000000000e+06,-4.055821489131370861e+00
4.817692000000000000e+06,-1.211180643121669176e+00
4.818628000000000000e+06,5.277106111328533800e+00
4.819560000000000000e+06,3.735059226728550730e+00
4.820496000000000000e+06,-8.434905820858253911e-01
4.821432000000000000e+06,6.219507329014744013e-01
4.822368000000000000e+06,-3.769239150115274661e+00
4.823300000000000000e+06,-1.685122907935393100e+00
4.824236000000000000e+06,-3.882949180089109165e-01
4.825172000000000000e+06,-4.074568089868179754e+00
4.826108000000000000e+06,8.741409141658175841e+00
4.827040000000000000e+06,3.156128577213119790e+00
4.827976000000000000e+06,-1.424040398266701812e+00
4.828912000000000000e+06,1.611830616409604788e+00
4.829848000000000000e+06,5.627313390703741369e+00
4.830780000000000000e+06,6.350344793059942816e+00
4.831716000000000000e+06,-4.408279844710111028e+00
4.832652000000000000e+06,-5.871470083493878001e+00
4.833588000000000000e+06,1.548205676050494084e+00
4.834520000000000000e+06,1.167454284783630847e+01
4.835456000000000000e+06,1.467097954030746942e+00
4.836392000000000000e+06,-5.437272096357305351e+00
4.837328000000000000e+06,-4.242549505390911690e+00
4.838260000000000000e+06,-3.890091149812171523e+00
4.839196000000000000e+06,-2.737363912726461290e+00
4.840132000000000000e+06,-3.672972410685695355e-01
4.841068000000000000e+06,-3.479141915819472075e+00
4.842000000000000000e+06,-6.431022222734413596e+00
4.842936000000000000e+06,-1.250924920798820006e+00
4.843872000000000000e+06,-1.323103579795884599e+01
4.844808000000000000e+06,-4.779484801025659202e+00
4.845740000000000000e+06,-2.513774604531388235e+00
4.846676000000000000e+06,-6.839088470985493551e+00
4.847612000000000000e+06,1.156634952332690425e+00
4.848548000000000000e+06,-3.169310823659502230e+00
4.849480000000000000e+06,-1.120414661511675192e+01
4.850416000000000000e+06,-1.595292891565738991e+01
4.851352000000000000e+06,-1.090170066110546365e+01
4.853220000000000000e+06,-2.366790865948998679e+00
4.854156000000000000e+06,-4.092925949492522975e-01
4.855092000000000000e+06,-4.940081078399707337e+00
4.856028000000000000e+06,-4.286795935475126385e+00
4.856960000000000000e+06,-9.377768467704203914e+00
4.857896000000000000e+06,-4.471272875531134616e+00
4.858832000000000000e+06,-2.658507266910246081e+00
4.859768000000000000e+06,-1.832106646517782877e+00
4.860700000000000000e+06,-8.986197743986400255e+00
4.861636000000000000e+06,-5.312905201380702103e+00
4.862572000000000000e+06,-1.255427073205884092e+00
4.863508000000000000e+06,-6.692736641941190889e+00
4.864440000000000000e+06,-1.509029891286748182e+01
4.865376000000000000e+06,-8.281281032828919919e+00
4.866312000000000000e+06,-1.811108969577441385e+00
4.867248000000000000e+06,-1.049075142711276420e+01
4.868180000000000000e+06,-9.105430577017852301e+00
4.869116000000000000e+06,4.365199292413010634e-02
4.870052000000000000e+06,-4.407647935172024134e+00
4.870988000000000000e+06,-2.264053557450823817e+00
4.871920000000000000e+06,-7.315281812002750073e+00
4.872856000000000000e+06,1.116890674655539595e+00
4.873792000000000000e+06,-5.355532464799471981e+00
4.874728000000000000e+06,-7.660355029432807328e+00
4.875660000000000000e+06,-4.655749815587142848e+00
4.876596000000000000e+06,-3.997330610717410693e+00
4.877532000000000000e+06,-6.986072209567883995e+00
4.878468000000000000e+06,-8.967451143249592249e+00
4.879400000000000000e+06,-7.376023766620242839e+00
4.880336000000000000e+06,4.171080254432111278e-01
4.881272000000000000e+06,1.837671000808209554e+00
4.882208000000000000e+06,-3.684616532815821799e+00
4.883140000000000000e+06,-3.789604917517528815e+00
4.884076000000000000e+06,-6.341897453027897313e+00
4.885012000000000000e+06,-4.179556474569887214e+00
4.885948000000000000e+06,3.156128577213119790e+00
4.886880000000000000e+06,-3.356038839919042616e+00
4.887816000000000000e+06,-4.676747492527484340e+00
4.888752000000000000e+06,7.666833952803321361e-01
4.889688000000000000e+06,-1.418906336321551054e+00
4.890620000000000000e+06,-2.348044265212189785e+00
4.891556000000000000e+06,-1.853104323458124147e+00
4.892492000000000000e+06,-2.513774604531388235e+00
4.893428000000000000e+06,4.187371905063846711e+00
4.894360000000000000e+06,-4.695494093264293234e+00
4.895296000000000000e+06,4.473954244079943798e+00
4.896232000000000000e+06,-2.308299987535038511e+00
4.897168000000000000e+06,3.874025917624171367e+00
4.898100000000000000e+06,-5.142809796509593134e-01
4.899036000000000000e+06,-1.033317456582596994e-01
4.899972000000000000e+06,-3.458776148417217478e+00
4.900908000000000000e+06,3.401347471886619900e+00
4.901840000000000000e+06,8.429326973294674730e+00
4.902776000000000000e+06,2.661188635459054375e+00
4.903712000000000000e+06,-3.133441002310710655e-02
4.904648000000000000e+06,4.208369582004188203e+00
4.905580000000000000e+06,-4.798231401762468096e+00
4.906516000000000000e+06,-1.408249471318783197e-01
4.907452000000000000e+06,-5.479267450237988335e+00
4.908388000000000000e+06,-7.168726109056904328e-01
4.909320000000000000e+06,-3.707865285959695001e+00
4.910256000000000000e+06,-3.769239150115274661e+00
4.911192000000000000e+06,1.404104923209722910e+00
4.912132000000000000e+06,4.553442799434245458e+00
4.913060000000000000e+06,3.198123931093802330e+00
4.913996000000000000e+06,-4.079070242275244063e+00
4.914932000000000000e+06,1.589324916292325973e+01
4.915868000000000000e+06,-1.672308973383942643e+01
4.916800000000000000e+06,7.036903644593079932e-01
4.917736000000000000e+06,5.421838773707391645e+00
4.918672000000000000e+06,4.989891862774350706e+00
4.919608000000000000e+06,-4.616005537909992462e+00
4.920540000000000000e+06,-4.903219786464175556e+00
4.921476000000000000e+06,-7.175045204437769941e-01
4.922412000000000000e+06,-4.118814519952395337e+00
4.923348000000000000e+06,4.723675291160508216e+00
4.924280000000000000e+06,4.252616012088402897e+00
4.925216000000000000e+06,-7.023565411041502671e+00
4.926152000000000000e+06,-6.958749339653490518e-01
4.927088000000000000e+06,-1.109075244161580764e+00
4.928020000000000000e+06,-4.924217463404517048e+00
4.928956000000000000e+06,7.036903644593079932e-01
4.929892000000000000e+06,2.600446680841562497e+00
4.930828000000000000e+06,-2.553518882208539065e+00
4.931760000000000000e+06,-4.879971033320302354e+00
4.932696000000000000e+06,-8.715479019965494345e+00
4.933636000000000000e+06,-5.850472406553536509e+00
4.934568000000000000e+06,1.426496049435838032e+01
4.935500000000000000e+06,1.435063156806864471e-01
4.936436000000000000e+06,1.593084015672795450e+00
4.937372000000000000e+06,7.421332398587820123e+00
4.938308000000000000e+06,-5.276043909445170321e+00
4.939240000000000000e+06,-3.686867609019353953e+00
4.940176000000000000e+06,-3.356038839919042616e+00
4.941112000000000000e+06,1.906357315065199121e-01
4.942048000000000000e+06,3.932273627612510869e-01
4.942980000000000000e+06,-5.397527818680154965e+00
4.943916000000000000e+06,-5.276043909445170321e+00
4.944852000000000000e+06,9.776167364788607372e+00
4.945788000000000000e+06,1.222896092513169286e+01
4.946720000000000000e+06,3.699786096173776073e-01
4.947656000000000000e+06,3.011395914834261944e+00
4.948592000000000000e+06,-4.427026445446919922e+00
4.949528000000000000e+06,-4.779484801025659202e+00
4.950460000000000000e+06,-4.534265906352159092e+00
4.951396000000000000e+06,2.826918974778253713e+00
4.952332000000000000e+06,-3.731745948641655986e+00
4.953268000000000000e+06,-4.469021799327602906e+00
4.954200000000000000e+06,1.446100277090405672e+00
4.955144000000000000e+06,3.153877501009587636e+00
4.956072000000000000e+06,4.959646712594260043e-01
4.957008000000000000e+06,6.176668412285292453e-02
4.957940000000000000e+06,-2.222058203570141277e+00
4.958876000000000000e+06,3.722296858209096504e-01
4.959812000000000000e+06,-2.924723838524088126e+00
4.960748000000000000e+06,-8.510004402969144621e+00
4.961680000000000000e+06,3.609073165086502222e+00
4.962616000000000000e+06,3.590326564349692884e+00
4.963552000000000000e+06,-4.121755806908710129e-01
4.964488000000000000e+06,-8.974204371860187379e+00
4.965420000000000000e+06,6.849437637224986553e-01
4.966356000000000000e+06,1.877415278485360162e+00
4.967292000000000000e+06,4.515949597960625894e+00
4.968228000000000000e+06,3.671434286369439803e+00
4.969160000000000000e+06,3.074388945655285976e+00
4.970096000000000000e+06,4.371848845119854943e+00
4.971032000000000000e+06,1.861335790994557149e-01
4.971968000000000000e+06,-4.492270552471476108e+00
4.972900000000000000e+06,4.616435830255269046e+00
4.973836000000000000e+06,4.495583830558370408e+00
4.974772000000000000e+06,-1.106192258419962160e+00
4.975708000000000000e+06,2.805921297837912221e+00
4.976648000000000000e+06,-1.874102000398465639e+00
4.977576000000000000e+06,2.474460619199513989e+00
4.978512000000000000e+06,-2.779359266607143830e+00
4.979448000000000000e+06,2.931907359479960729e+00
4.980380000000000000e+06,3.550582286672542054e+00
4.981316000000000000e+06,-3.605759886999607478e+00
4.982252000000000000e+06,5.073882570535715786e+00
4.983188000000000000e+06,6.616950105786251202e-01
4.984120000000000000e+06,2.071312560397970959e-01
4.985056000000000000e+06,8.800531929610222903e+00
4.985992000000000000e+06,5.673810896991487773e+00
4.986928000000000000e+06,1.278118861567674402e+00
4.987860000000000000e+06,5.563688450344629999e+00
4.988796000000000000e+06,4.702677614220166724e+00
4.989732000000000000e+06,6.287351762238918340e+00
4.990668000000000000e+06,5.340099142149557387e+00
4.991600000000000000e+06,5.568822512289781201e+00
4.992536000000000000e+06,-2.513774604531388235e+00
4.993472000000000000e+06,-2.924723838524088126e+00
4.994408000000000000e+06,-6.495279072631610084e+00
4.995340000000000000e+06,-3.768607240577187323e+00
4.996276000000000000e+06,-1.376910982440868292e+00
4.997212000000000000e+06,-2.513774604531388235e+00
4.998152000000000000e+06,5.113626848212867060e+00
4.999080000000000000e+06,1.445468367552319222e+00
5.000016000000000000e+06,7.833900799245966162e+00
5.000952000000000000e+06,4.497202997223817000e+00
5.001888000000000000e+06,1.404104923209722910e+00
5.002820000000000000e+06,-1.766862539493226691e+00
5.003756000000000000e+06,-1.253807906540438610e+00
5.004692000000000000e+06,2.882389780595440709e-01
5.005628000000000000e+06,3.794537362269869707e+00
5.006560000000000000e+06,3.485338179647985868e+00
5.007496000000000000e+06,-1.584636675640750392e+00
5.008432000000000000e+06,1.343362968592230811e+00
5.009368000000000000e+06,7.439447089786543010e+00
5.010300000000000000e+06,7.505323106349186091e+00
5.011236000000000000e+06,4.578942628781650370e+00
5.012172000000000000e+06,6.826926875189665012e-01
5.013108000000000000e+06,1.611830616409604788e+00
5.014040000000000000e+06,3.976763226122346673e+00
5.014976000000000000e+06,8.292966706191858606e+00
5.015912000000000000e+06,-5.768732774995703139e+00
5.016848000000000000e+06,8.431578049498204663e+00
5.017780000000000000e+06,4.826412599658683078e+00
5.018716000000000000e+06,2.432465265318831449e+00
5.019656000000000000e+06,1.093641921511666171e+00
5.020588000000000000e+06,5.544941849607821105e+00
5.021520000000000000e+06,1.030648890690641917e+00
5.022456000000000000e+06,-4.700345495667444529e-01
5.023392000000000000e+06,-4.720993922611699922e+00
5.024328000000000000e+06,5.134624525153208552e+00
5.025260000000000000e+06,7.276599736208962277e+00
5.026196000000000000e+06,4.350851168179513451e+00
5.027132000000000000e+06,3.550582286672542054e+00
5.028068000000000000e+06,5.964509035540688231e-01
5.029000000000000000e+06,1.051646567630983409e+00
5.029936000000000000e+06,5.568822512289781201e+00
5.030872000000000000e+06,9.069139052521255628e-01
5.031808000000000000e+06,9.069139052521255628e-01
5.032740000000000000e+06,8.102368447063339474e+00
5.033676000000000000e+06,1.320114215448357164e+00
5.034612000000000000e+06,1.497374744838483629e+01
5.035548000000000000e+06,4.597689229518460152e+00
5.036480000000000000e+06,2.889912005599277744e+00
5.037416000000000000e+06,-4.200554151510228706e+00
5.038352000000000000e+06,3.932273627612510869e-01
5.039288000000000000e+06,1.051646567630983409e+00
5.040220000000000000e+06,-4.674496416323951742e+00
5.041164000000000000e+06,4.471703167876411200e+00
5.042092000000000000e+06,1.774677969987185522e+00
5.043028000000000000e+06,-2.513774604531388235e+00
5.043960000000000000e+06,4.926898831953326230e+00
5.044896000000000000e+06,9.954067654205555060e-01
5.045832000000000000e+06,7.617696629199575575e+00
5.046768000000000000e+06,8.144363800944022458e+00
5.047700000000000000e+06,2.124253339824305975e+00
5.048636000000000000e+06,-3.316294562241892230e+00
5.049572000000000000e+06,6.392340146940625800e+00
5.050508000000000000e+06,1.175381553069499541e+00
5.051440000000000000e+06,3.713429640250122343e+00
5.052376000000000000e+06,7.073376195416145151e+00
5.053312000000000000e+06,7.955384708480949918e+00
5.054248000000000000e+06,1.797926723131058724e+00
5.055180000000000000e+06,4.966643109630477504e+00
5.056116000000000000e+06,4.187371905063846711e+00
5.057052000000000000e+06,4.476205320283475508e+00
5.057988000000000000e+06,1.998267278182257689e+00
5.058920000000000000e+06,1.883846553029878412e-01
5.059856000000000000e+06,-2.345793189008657187e+00
5.060792000000000000e+06,3.648185533225566157e+00
5.061728000000000000e+06,4.562203935822752854e-01
5.062668000000000000e+06,-1.997294743498061187e-02
5.063596000000000000e+06,7.525688873751440688e+00
5.064532000000000000e+06,1.450205625977464408e+01
5.065468000000000000e+06,9.262924155270214621e-01
5.066400000000000000e+06,5.358845742886367169e+00
5.067336000000000000e+06,-2.453032649913896357e+00
5.068272000000000000e+06,-1.033317456582596994e-01
5.069208000000000000e+06,3.135130900272778298e+00
5.070140000000000000e+06,5.595896116185367086e-01
5.071076000000000000e+06,2.742928267016887744e+00
5.072012000000000000e+06,7.036903644593079932e-01
5.072948000000000000e+06,-3.253018871878867180e-01
5.073880000000000000e+06,1.114639598452007663e+00
5.074816000000000000e+06,-3.559357784804430547e-01
5.075752000000000000e+06,-1.601132200174027354e+00
5.076688000000000000e+06,6.225826424395609626e-01
5.077620000000000000e+06,-8.848540264284217027e-01
5.078556000000000000e+06,-3.360540992326106924e+00
5.079492000000000000e+06,-3.645504164676758307e+00
5.080428000000000000e+06,2.684437388602928021e+00
5.081360000000000000e+06,2.412099497916575963e+00
5.082296000000000000e+06,7.854299960171414741e-01
5.083232000000000000e+06,4.989891862774350706e+00
5.084172000000000000e+06,-1.229927243858478514e+00
5.085100000000000000e+06,1.464846877827215010e+00
5.086036000000000000e+06,-1.850853247254592215e+00
5.086972000000000000e+06,2.556200250757347359e+00
5.087908000000000000e+06,-3.728862962900036493e+00
5.088840000000000000e+06,1.261623337034397441e+00
5.089776000000000000e+06,8.484230268381657281e-01
5.090712000000000000e+06,5.279357187532065510e+00
5.091648000000000000e+06,3.489809326770362263e-01
5.092580000000000000e+06,-3.398034193799725156e+00
5.093516000000000000e+06,-3.587013286262798140e+00
5.094452000000000000e+06,6.369091393796752598e+00
5.095388000000000000e+06,1.255366837515949463e+01
5.096320000000000000e+06,-3.356038839919042616e+00
5.097256000000000000e+06,4.727159181155525247e-01
5.098192000000000000e+06,-2.779359266607143830e+00
5.099128000000000000e+06,-2.660758343113778235e+00
5.100060000000000000e+06,-4.160809873833077432e+00
5.100996000000000000e+06,-8.736476696905835837e+00
5.101932000000000000e+06,-4.489387566729857504e+00
5.102868000000000000e+06,1.051646567630983409e+00
5.103800000000000000e+06,-1.624380953317901000e+00
5.104736000000000000e+06,5.732301775405447941e+00
5.105676000000000000e+06,-4.240298429187379092e+00
5.106608000000000000e+06,5.589577020804502583e-01
5.107540000000000000e+06,6.225826424395609626e-01
5.108476000000000000e+06,4.863905801132301754e+00
5.109412000000000000e+06,3.177126254153460838e+00
5.110348000000000000e+06,3.303112315795509346e+00
5.111280000000000000e+06,-3.726611886696504783e+00
5.112216000000000000e+06,-7.436133811699648710e+00
5.113152000000000000e+06,-1.083870763028443918e+01
5.114088000000000000e+06,2.661188635459054375e+00
5.115020000000000000e+06,-8.818216328463670095e+00
5.115956000000000000e+06,3.116384299535968960e+00
5.116892000000000000e+06,-2.987084959807026152e+00
5.117828000000000000e+06,2.721930590076546697e+00
5.118760000000000000e+06,3.518639184186547753e-01
5.119696000000000000e+06,1.756563278788462634e+00
5.120632000000000000e+06,5.563688450344629999e+00
5.121568000000000000e+06,-4.086606854111657916e-01
5.122500000000000000e+06,-4.513268229411817600e+00
5.123436000000000000e+06,-5.565509234202886013e+00
5.124372000000000000e+06,1.282621013974738711e+00
5.125308000000000000e+06,-5.028573938568137613e+00
5.126240000000000000e+06,1.883846553029878412e-01
5.127184000000000000e+06,1.485212645229470052e+00
5.128112000000000000e+06,-2.513774604531388235e+00
5.129048000000000000e+06,5.034138292858565400e+00
5.129980000000000000e+06,1.883846553029878412e-01
5.130916000000000000e+06,4.308855814298830467e+00
5.131852000000000000e+06,-5.523513880322203029e+00
5.132788000000000000e+06,3.916081960958054942e-01
5.133720000000000000e+06,-4.305542536211935278e+00
5.134656000000000000e+06,-2.658507266910246081e+00
5.135592000000000000e+06,1.156634952332690425e+00
5.136528000000000000e+06,-4.223802904654101908e+00
5.137460000000000000e+06,-4.202805227713760416e+00
5.138396000000000000e+06,-3.915590979159577323e+00
5.139332000000000000e+06,-2.742497974671612049e+00
5.140268000000000000e+06,-7.229040028037852395e+00
5.141200000000000000e+06,-3.542134946640496551e+00
5.142136000000000000e+06,-5.663744390293995679e+00
5.143072000000000000e+06,-8.944202390105717271e+00
5.144008000000000000e+06,9.954067654205555060e-01
5.144940000000000000e+06,-3.895225211757323169e+00
5.145876000000000000e+06,1.158886028536222357e+00
5.146812000000000000e+06,-3.726611886696504783e+00
5.147748000000000000e+06,-9.501503453142719380e+00
5.148688000000000000e+06,-6.062700252160482250e+00
5.149616000000000000e+06,-1.626632029521433154e+00
5.150552000000000000e+06,-3.710116362163227599e+00
5.151488000000000000e+06,-8.325527462913136389e+00
5.152420000000000000e+06,-8.986197743986400255e+00
5.153356000000000000e+06,-8.017315537418610916e+00
5.154292000000000000e+06,-1.319002770120552270e+01
5.155228000000000000e+06,-1.311117105538930794e+01
5.156160000000000000e+06,-9.291526683739304460e+00
5.157096000000000000e+06,-1.267697306825273529e+01
5.158032000000000000e+06,-1.038801411861459023e+01
5.158968000000000000e+06,-1.784743415583611537e+01
5.159900000000000000e+06,-7.460014474381607918e+00
5.160836000000000000e+06,-9.112183805628449207e+00
5.161772000000000000e+06,-1.354248605678426109e+01
5.162708000000000000e+06,-2.017613738315140637e+01
5.163640000000000000e+06,-2.554169888227037077e+01
5.164576000000000000e+06,-1.176658174009890523e+01
5.165512000000000000e+06,-9.186538299037598776e+00
5.166448000000000000e+06,-1.850747252737129145e+01
5.167380000000000000e+06,-1.864932220400853069e+01
5.168316000000000000e+06,-1.955971353216235897e+01
5.169252000000000000e+06,-1.533200291226127554e+01
5.170192000000000000e+06,-1.323202305508620569e+01
5.171120000000000000e+06,-1.310828806964768845e+01
5.172056000000000000e+06,-2.566318279150535631e+01
5.172992000000000000e+06,-2.353770310498287444e+01
5.173928000000000000e+06,-3.654941265758289859e+01
5.174860000000000000e+06,-2.957142610489425394e+01
5.175796000000000000e+06,-1.168080138529374778e+01
5.176732000000000000e+06,2.955788022161920825e+00
5.177668000000000000e+06,-2.492145018052960737e+00
5.178600000000000000e+06,1.257691712830336783e+01
5.179536000000000000e+06,2.289846079319523042e+01
5.180472000000000000e+06,2.732714387768559661e+01
5.181408000000000000e+06,3.541361123737574701e+01
5.182340000000000000e+06,5.927929759809531873e+01
5.183276000000000000e+06,8.528534000320520647e+01
5.184212000000000000e+06,7.827886455385706199e+01
5.185148000000000000e+06,7.828399861580220431e+01
5.187016000000000000e+06,6.894143480099009480e+01
5.187952000000000000e+06,6.494983268937789944e+01
5.188888000000000000e+06,4.631471746132111633e+01
5.189820000000000000e+06,4.029523890973949563e+01
5.190756000000000000e+06,3.685418463255373211e+01
5.191696000000000000e+06,3.631788124645706262e+01
5.192628000000000000e+06,3.440237832933799922e+01
5.193560000000000000e+06,2.792770411367945371e+01
5.194496000000000000e+06,2.004994970431654977e+01
5.195432000000000000e+06,2.028443904594000813e+01
5.196368000000000000e+06,9.420826023468249488e+00
5.197300000000000000e+06,1.334032471787480745e+01
5.198236000000000000e+06,8.270349862586071410e+00
5.199172000000000000e+06,6.219507329014744013e-01
5.200108000000000000e+06,1.900038219684334062e-01
5.201040000000000000e+06,8.433829125701738150e+00
5.201976000000000000e+06,5.134624525153208552e+00
5.202912000000000000e+06,5.445087526851264847e+00
5.203848000000000000e+06,1.882549340430511142e+00
5.204780000000000000e+06,8.410580372557863171e+00
5.205716000000000000e+06,2.861529190510253340e+00
5.206652000000000000e+06,3.295727177646826878e+00
5.207588000000000000e+06,2.185627203979885191e+00
5.208520000000000000e+06,2.395603973383299223e+00
5.209456000000000000e+06,5.029636140451501092e+00
5.210392000000000000e+06,6.219507329014744013e-01
5.211328000000000000e+06,3.156128577213119790e+00
5.212260000000000000e+06,-4.302902718895937340e-01
5.213204000000000000e+06,-4.756236047881786000e+00
5.214132000000000000e+06,6.081877145242568616e+00
5.215068000000000000e+06,1.628995394858621637e+01
5.216000000000000000e+06,1.243344828500068289e+01
5.216936000000000000e+06,-2.056327864250941939e+00
5.217872000000000000e+06,4.292360289765553283e+00
5.218808000000000000e+06,3.156128577213119790e+00
5.219740000000000000e+06,5.239612909854915124e+00
5.220676000000000000e+06,5.134624525153208552e+00
5.221612000000000000e+06,-1.295171350883034700e+00
5.222548000000000000e+06,4.082383520362139251e+00
5.223480000000000000e+06,-9.175176836449473683e+00
5.224416000000000000e+06,5.029636140451501092e+00
5.225352000000000000e+06,1.611830616409604788e+00
5.226288000000000000e+06,-4.387282167769769536e+00
5.227220000000000000e+06,1.322365291651889319e+00
5.228156000000000000e+06,3.737310302932082440e+00
5.229092000000000000e+06,5.365598971496964076e+00
5.230028000000000000e+06,4.517182411752111437e-01
5.230960000000000000e+06,6.889531164898223814e+00
5.231896000000000000e+06,8.679048020375237371e+00
5.232832000000000000e+06,9.699069360731497058e-01
5.233768000000000000e+06,6.123872499123251600e+00
5.234708000000000000e+06,-9.273411992540584237e+00
5.235636000000000000e+06,4.434841875940879419e+00
5.236572000000000000e+06,3.484706270109899418e+00
5.237508000000000000e+06,5.568822512289781201e+00
5.238440000000000000e+06,3.156128577213119790e+00
5.239376000000000000e+06,1.093641921511666171e+00
5.240312000000000000e+06,-4.745367019738085945e-01
5.241248000000000000e+06,2.519338958821815133e+00
5.242180000000000000e+06,4.700426538016635014e+00
5.243116000000000000e+06,5.239612909854915124e+00
5.244052000000000000e+06,-5.683423937051268471e-02
5.244988000000000000e+06,4.410961213258919322e+00
5.245920000000000000e+06,4.119244812297671920e+00
5.246856000000000000e+06,8.207356831765046934e+00
5.247792000000000000e+06,2.329727956820656143e+00
5.248728000000000000e+06,-2.903726161583746634e+00
5.249660000000000000e+06,2.579449003901221005e+00
5.250596000000000000e+06,4.329716404384018058e-01
5.251532000000000000e+06,6.219507329014744013e-01
5.252468000000000000e+06,4.847410276599024570e+00
5.253400000000000000e+06,2.497709372343387635e+00
5.254336000000000000e+06,4.785049155316086100e+00
5.255272000000000000e+06,7.443949242193607319e+00
5.256212000000000000e+06,4.620937982662333354e+00
5.257140000000000000e+06,1.032899966894173849e+00
5.258076000000000000e+06,3.216870531830611668e+00
5.259012000000000000e+06,3.942153010390345713e+00
5.259948000000000000e+06,3.240119284974485314e+00
5.260880000000000000e+06,-5.772740104719835674e-01
5.261816000000000000e+06,-5.232429388899042522e+00
5.262752000000000000e+06,4.662933336543016338e+00
5.263688000000000000e+06,7.434346421364587121e-01
5.264620000000000000e+06,4.698175461813103304e+00
5.265556000000000000e+06,-8.019566613622142626e+00
5.266492000000000000e+06,6.239859366093941651e-02
5.267428000000000000e+06,5.505197571930669831e+00
5.268360000000000000e+06,4.515949597960625894e+00
5.269296000000000000e+06,4.868407953539366062e+00
5.270232000000000000e+06,-4.263547182331253182e+00
5.271168000000000000e+06,2.227622557860567731e+00
5.272100000000000000e+06,-9.853402587230645215e-01
5.273036000000000000e+06,-4.597258937173183568e+00
5.273972000000000000e+06,-1.830487479852337174e+00
5.274908000000000000e+06,3.998392812600773727e+00
5.275840000000000000e+06,5.505829481468756725e+00
5.276776000000000000e+06,-1.618226240722197007e-01
5.277716000000000000e+06,4.950147585097199432e+00
5.278648000000000000e+06,2.600446680841562497e+00
5.279580000000000000e+06,-2.516025680734920833e+00
5.280516000000000000e+06,-3.766356164373655613e+00
5.281452000000000000e+06,-4.286795935475126385e+00
5.282388000000000000e+06,1.692938338429351708e+00
5.283320000000000000e+06,6.429484098418158933e-01
5.284256000000000000e+06,4.161240166178354016e+00
5.285192000000000000e+06,-5.233208696344848754e-02
5.286128000000000000e+06,5.134624525153208552e+00
5.287060000000000000e+06,1.175381553069499541e+00
5.287996000000000000e+06,-3.335041162978701124e+00
5.288932000000000000e+06,3.361603194209469514e+00
5.289868000000000000e+06,2.024399017067750162e+00
5.290800000000000000e+06,1.611830616409604788e+00
5.291736000000000000e+06,5.147112719962353422e-01
5.292672000000000000e+06,1.177632629273031695e+00
5.293608000000000000e+06,1.093641921511666171e+00
5.294540000000000000e+06,-5.602370526138417794e+00
5.295476000000000000e+06,5.031887216655033690e+00
5.296412000000000000e+06,5.113626848212867060e+00
5.297348000000000000e+06,1.485844554767556502e+00
5.298280000000000000e+06,-2.878086857142680977e-01
5.299220000000000000e+06,-4.387282167769769536e+00
5.300152000000000000e+06,2.661188635459054375e+00
5.301088000000000000e+06,6.411086747677435582e+00
5.302020000000000000e+06,-1.500645967879384868e+00
5.302956000000000000e+06,4.302008338604360049e-02
5.303892000000000000e+06,4.539693173787431868e-01
5.304828000000000000e+06,1.446100277090405672e+00
5.305760000000000000e+06,-2.906916714558867576e-01
5.306696000000000000e+06,-4.449643289052707118e+00
5.307632000000000000e+06,-3.339543315385765432e+00
5.308568000000000000e+06,-1.811108969577441385e+00
5.309500000000000000e+06,2.372355220239425577e+00
5.310436000000000000e+06,-1.503528953621003250e+00
5.311372000000000000e+06,8.616054989554212895e+00
5.312308000000000000e+06,-2.513774604531388235e+00
5.313240000000000000e+06,3.030142515571071282e+00
5.314176000000000000e+06,-2.014332510370258955e+00
5.315112000000000000e+06,-1.106292884801759868e+01
5.316048000000000000e+06,4.659063093674038036e+00
5.316980000000000000e+06,-4.408279844710111028e+00
5.317916000000000000e+06,8.484230268381657281e-01
5.318852000000000000e+06,1.032899966894173849e+00
5.319788000000000000e+06,1.906357315065199121e-01
5.320724000000000000e+06,4.723675291160508216e+00
5.321656000000000000e+06,4.620937982662333354e+00
5.322592000000000000e+06,-2.282800158187633155e+00
5.323528000000000000e+06,-5.420776571824028167e+00
5.324460000000000000e+06,-5.113979939093407090e-01
5.325396000000000000e+06,-2.695368558845778306e+00
5.326332000000000000e+06,5.828383647624102437e-01
5.327268000000000000e+06,-3.253301531420867754e+00
5.328200000000000000e+06,-4.471272875531134616e+00
5.329136000000000000e+06,6.196996566979423582e-01
5.330072000000000000e+06,-4.305542536211935278e+00
5.331008000000000000e+06,4.660682260339483740e+00
5.331940000000000000e+06,5.822064552243236824e-01
5.332876000000000000e+06,4.742421891897317998e+00
5.333812000000000000e+06,1.374677179946044348e+01
5.334748000000000000e+06,-7.629615056569785558e+00
5.335680000000000000e+06,-2.154563020342052493e+00
5.336616000000000000e+06,3.216870531830611668e+00
5.337552000000000000e+06,2.087392047888774194e+00
5.338488000000000000e+06,4.019390489541114775e+00
5.339420000000000000e+06,2.266734925999632111e+00
5.340356000000000000e+06,-3.173812976066566094e+00
5.341292000000000000e+06,4.761168492634126892e+00
5.342228000000000000e+06,-4.139812196892735940e+00
5.343160000000000000e+06,-1.397908659381209784e+00
5.344096000000000000e+06,-4.137561120689204230e+00
5.345032000000000000e+06,1.008387394674127524e+00
5.345968000000000000e+06,-2.845235283169786911e+00
5.346900000000000000e+06,-4.286795935475126385e+00
5.347836000000000000e+06,-5.953209715051711370e+00
5.348772000000000000e+06,-1.748115938756417131e+00
5.349708000000000000e+06,-5.626251188820377891e+00
5.350640000000000000e+06,-3.213557253743716924e+00
5.351576000000000000e+06,-4.034823812191029369e+00
5.352512000000000000e+06,5.385919346781953276e-01
5.353448000000000000e+06,4.329716404384018058e-01
5.354380000000000000e+06,-4.228936966599253111e+00
5.355316000000000000e+06,9.114160576591898710e-01
5.356252000000000000e+06,-3.250418545679248705e+00
5.357188000000000000e+06,-1.685122907935393100e+00
5.358120000000000000e+06,6.219507329014744013e-01
5.359056000000000000e+06,-2.924091928986001676e+00
5.359992000000000000e+06,-3.831600271398211799e+00
5.360928000000000000e+06,5.382094496030240371e+00
5.361860000000000000e+06,6.196996566979423582e-01
5.362796000000000000e+06,-4.576261260232842076e+00
5.363732000000000000e+06,-1.373434813498895224e+01
5.364668000000000000e+06,-7.870963708374307366e+00
5.365600000000000000e+06,-3.647755240880290017e+00
5.366536000000000000e+06,1.485844554767556502e+00
5.367472000000000000e+06,-5.087064816982097781e+00
5.368408000000000000e+06,-5.808477052672853524e+00
5.369340000000000000e+06,-5.481518526441520045e+00
5.370276000000000000e+06,2.600446680841562497e+00
5.371212000000000000e+06,2.658937559255522221e+00
5.372148000000000000e+06,-4.637003214850333954e+00
5.373080000000000000e+06,-3.395151208058106551e+00
5.374016000000000000e+06,-7.620610751755656942e+00
5.374952000000000000e+06,-1.187931889977795752e+00
5.375888000000000000e+06,1.219627983153714679e+00
5.376820000000000000e+06,3.030142515571071282e+00
5.377756000000000000e+06,1.137888351595880865e+00
5.378692000000000000e+06,-1.829855570314250945e+00
5.379628000000000000e+06,-4.637003214850333954e+00
5.380560000000000000e+06,-7.783191631085409345e-02
5.381496000000000000e+06,-1.934843955015957961e+00
5.382432000000000000e+06,-4.610871475964841260e+00
5.383368000000000000e+06,-1.116791723271930614e+01
5.384300000000000000e+06,-1.295905325486176629e+01
5.385236000000000000e+06,-6.302153175350746039e+00
5.386172000000000000e+06,-2.516025680734920833e+00
5.387108000000000000e+06,-3.479141915819472075e+00
5.388040000000000000e+06,3.909762865577189883e-01
5.388976000000000000e+06,-2.737363912726461290e+00
5.389912000000000000e+06,-2.079576617394815141e+00
5.390848000000000000e+06,-3.587013286262798140e+00
5.391780000000000000e+06,-7.168298073420360517e+00
5.392716000000000000e+06,-7.523007505202632395e+00
5.393652000000000000e+06,-3.629008640143480680e+00
5.394588000000000000e+06,-5.073452278190438314e+00
5.395520000000000000e+06,-3.355406930380955721e+00
5.396456000000000000e+06,-3.293045809098018140e+00
5.397392000000000000e+06,-2.513774604531388235e+00
5.398328000000000000e+06,1.074895320774856833e+00
5.399260000000000000e+06,3.938592722993375927e-01
5.400196000000000000e+06,-5.710241896581743859e+00
5.401132000000000000e+06,-8.430515847614843850e+00
5.402068000000000000e+06,-8.260283355888580203e+00
5.403000000000000000e+06,-4.757855214547230815e+00
5.403936000000000000e+06,9.954067654205555060e-01
5.404872000000000000e+06,-8.755223297642645619e+00
5.405808000000000000e+06,1.284872090178270643e+00
5.406740000000000000e+06,-4.384399182028150932e+00
5.407676000000000000e+06,-3.418399961201980197e+00
5.408612000000000000e+06,-4.118814519952395337e+00
5.409548000000000000e+06,-6.470766500411563982e+00
5.410480000000000000e+06,-2.550635896466920460e+00
5.411416000000000000e+06,1.527839908648239264e+00
5.412352000000000000e+06,-5.150057847803121369e+00
5.413288000000000000e+06,-3.458144238879131027e+00
5.414220000000000000e+06,1.551088661792112688e+00
5.415156000000000000e+06,-5.734037676030059316e-01
5.416092000000000000e+06,-3.666653315304830296e-01
5.417028000000000000e+06,-3.211306177540185214e+00
5.417960000000000000e+06,8.484230268381657281e-01
5.418896000000000000e+06,4.371848845119854943e+00
5.419832000000000000e+06,-4.965580907747113137e+00
5.420768000000000000e+06,-7.544005182142973887e+00
5.421700000000000000e+06,-3.997330610717410693e+00
5.422636000000000000e+06,-4.966212817285200032e+00
5.423572000000000000e+06,5.515465695820971348e+00
5.424508000000000000e+06,-7.336279488943091565e+00
5.425440000000000000e+06,-3.187425514858224673e+00
5.426376000000000000e+06,3.009144838630729790e+00
5.427312000000000000e+06,1.362109569329039926e+00
5.428248000000000000e+06,-7.355026089679901347e+00
5.429180000000000000e+06,3.485338179647985868e+00
5.430116000000000000e+06,-1.832106646517782877e+00
5.431052000000000000e+06,-8.281281032828919919e+00
5.431988000000000000e+06,-1.561387922496876746e+00
5.432920000000000000e+06,-3.108568869042009908e+00
5.433856000000000000e+06,-5.165320558544914675e-01
5.434792000000000000e+06,4.189622981267378421e+00
5.435728000000000000e+06,7.434346421364587121e-01
5.436660000000000000e+06,6.878267494641172597e-01
5.437596000000000000e+06,-5.276043909445170321e+00
5.438532000000000000e+06,-1.685122907935393100e+00
5.439468000000000000e+06,3.298610163388445038e+00
5.440400000000000000e+06,-1.979722294638259106e+00
5.441336000000000000e+06,-4.387282167769769536e+00
5.443208000000000000e+06,-1.669259292940202366e+00
5.444140000000000000e+06,-6.467883514669945377e+00
5.445076000000000000e+06,9.840779562275077552e+00
5.446012000000000000e+06,-8.242168664689856428e+00
5.446948000000000000e+06,5.783362123553460465e-01
5.447880000000000000e+06,2.721930590076546697e+00
5.448816000000000000e+06,3.135130900272778298e+00
5.449752000000000000e+06,5.608566789966931587e+00
5.450688000000000000e+06,-2.327046588271848293e+00
5.451620000000000000e+06,4.145376551183163727e+00
5.452556000000000000e+06,1.380856170065849486e+00
5.453492000000000000e+06,-5.127441004197335062e+00
5.454428000000000000e+06,1.501076260224660786e+00
5.455360000000000000e+06,1.251293684035498543e+01
5.456296000000000000e+06,-2.474030326854237849e+00
5.457232000000000000e+06,-4.039325964598093677e+00
5.458168000000000000e+06,-2.329297664475380003e+00
5.459100000000000000e+06,2.805921297837912221e+00
5.460036000000000000e+06,2.933730400046948295e-01
5.460972000000000000e+06,2.001782173461963410e+00
5.461908000000000000e+06,4.374099921323386653e+00
5.462840000000000000e+06,5.176619879033891536e+00
5.463776000000000000e+06,8.536566434199912123e+00
5.464712000000000000e+06,-6.612647182333490914e-01
5.465648000000000000e+06,7.873645076923116548e+00
5.466580000000000000e+06,4.145376551183163727e+00
5.467516000000000000e+06,-1.417287169656105572e+00
5.468452000000000000e+06,3.279832557366947898e-01
5.469388000000000000e+06,3.937650857983281405e+00
5.470320000000000000e+06,-1.416655260118019122e+00
5.471256000000000000e+06,5.799553790207916393e-01
5.472192000000000000e+06,4.432590799737346821e+00
5.473128000000000000e+06,5.568822512289781201e+00
5.474060000000000000e+06,1.221879059357246611e+00
5.474996000000000000e+06,8.438331278108801570e+00
5.475932000000000000e+06,7.411835659329264470e-01
5.476868000000000000e+06,6.406973336382837392e-01
5.477800000000000000e+06,1.653825970290287772e+00
5.478736000000000000e+06,-2.408786219829681219e+00
5.479672000000000000e+06,3.468842655114708684e+00
5.480608000000000000e+06,5.424089849910923355e+00
5.481540000000000000e+06,1.406355999413255065e+00
5.482476000000000000e+06,3.158379653416651500e+00
5.483412000000000000e+06,9.873770611341631920e+00
5.484348000000000000e+06,-5.890216684230687783e+00
5.485280000000000000e+06,-8.019566613622142626e+00
5.486216000000000000e+06,6.268605161502109446e+00
5.487152000000000000e+06,1.114639598452007663e+00
5.488088000000000000e+06,8.081370770122997982e+00
5.489020000000000000e+06,3.776422671071146819e+00
5.489956000000000000e+06,4.724307200698594222e+00
5.490892000000000000e+06,5.795294806226472417e+00
5.491828000000000000e+06,-1.622129877114368846e+00
5.492760000000000000e+06,5.220866309118106230e+00
5.493696000000000000e+06,1.015124256397313474e+01
5.494632000000000000e+06,-2.900211266304041136e+00
5.495568000000000000e+06,6.850418796759159434e+00
5.496500000000000000e+06,5.589577020804502583e-01
5.497436000000000000e+06,1.590832939469263518e+00
5.498372000000000000e+06,4.989891862774350706e+00
5.499308000000000000e+06,6.571928581715609230e-01
5.500240000000000000e+06,-4.798231401762468096e+00
5.501176000000000000e+06,-3.563132623580838043e+00
5.502112000000000000e+06,6.804416113154344581e-01
5.503048000000000000e+06,5.321352541412748494e+00
5.503980000000000000e+06,5.337848065946025677e+00
5.504916000000000000e+06,2.116334084468613208e-01
5.505852000000000000e+06,6.266354085298577736e+00
5.506788000000000000e+06,1.412552394771542652e-01
5.508656000000000000e+06,1.527207999110152814e+00
5.509592000000000000e+06,2.933730400046948295e-01
5.510528000000000000e+06,5.421838773707391645e+00
5.511460000000000000e+06,2.574946851494156697e+00
5.512396000000000000e+06,4.616435830255269046e+00
5.513332000000000000e+06,2.348474557557465481e+00
5.514268000000000000e+06,-5.458901682835732849e+00
5.515200000000000000e+06,-8.296597825600481035e-02
5.516136000000000000e+06,4.082383520362139251e+00
5.517072000000000000e+06,1.797926723131058724e+00
5.518008000000000000e+06,-3.108568869042009908e+00
5.518940000000000000e+06,2.516455973080196973e+00
5.519876000000000000e+06,1.900664031629233808e+00
5.520812000000000000e+06,5.568822512289781201e+00
5.521748000000000000e+06,6.312851591586324140e+00
5.522680000000000000e+06,1.404104923209722910e+00
5.523616000000000000e+06,5.657109306910466096e-01
5.524552000000000000e+06,5.805872885588780896e-01
5.525488000000000000e+06,9.630802792871664408e+00
5.526420000000000000e+06,9.070618744093042807e+00
5.527356000000000000e+06,4.040388166481456267e+00
5.528292000000000000e+06,3.198123931093802330e+00
5.529228000000000000e+06,-6.965068435034356131e-01
5.530160000000000000e+06,8.700045697315578863e+00
5.531096000000000000e+06,8.679048020375237371e+00
5.532032000000000000e+06,8.884522637371587095e+00
5.532968000000000000e+06,7.916272340341886427e+00
5.533900000000000000e+06,8.209607907968578644e+00
5.534836000000000000e+06,-2.660126433575691784e+00
5.535772000000000000e+06,-1.253175997002351938e+00
5.536708000000000000e+06,2.556200250757347359e+00
5.537640000000000000e+06,3.550582286672542054e+00
5.538576000000000000e+06,5.566571436086249491e+00
5.539512000000000000e+06,4.568523031203617912e-01
5.540448000000000000e+06,-6.402670412930077104e-01
5.541380000000000000e+06,5.218615232914573632e+00
5.542316000000000000e+06,1.177632629273031695e+00
5.543252000000000000e+06,-6.839720380523580445e+00
5.544188000000000000e+06,-1.850853247254592215e+00
5.545120000000000000e+06,-7.730733198402514716e+00
5.546056000000000000e+06,8.265847710179006214e+00
5.546992000000000000e+06,9.135862851117597216e+00
5.547928000000000000e+06,1.093641921511666171e+00
5.548860000000000000e+06,-4.910322265070858339e-01
5.549796000000000000e+06,-4.592756784766118372e+00
5.550732000000000000e+06,9.489092591328083248e-01
5.551668000000000000e+06,4.003526874545924485e+00
5.552600000000000000e+06,1.651574894086755618e+00
5.553536000000000000e+06,-5.375898232201726579e+00
5.554472000000000000e+06,8.544583481886682819e+00
5.555408000000000000e+06,8.049643540132615627e+00
5.556340000000000000e+06,7.874276986461203443e+00
5.557276000000000000e+06,5.281608263735598108e+00
5.558212000000000000e+06,1.817305233405954734e+00
5.559148000000000000e+06,1.156634952332690425e+00
5.560080000000000000e+06,1.114639598452007663e+00
5.561016000000000000e+06,-1.850713772160932080e-01
5.561952000000000000e+06,5.424089849910923355e+00
5.562888000000000000e+06,2.600446680841562497e+00
5.563820000000000000e+06,9.503197564564169753e+00
5.564756000000000000e+06,7.811283955640178966e+00
5.565692000000000000e+06,-4.118814519952395337e+00
5.566628000000000000e+06,-2.805491005492636081e+00
5.567560000000000000e+06,3.735059226728550730e+00
5.568496000000000000e+06,2.889912005599277744e+00
5.569432000000000000e+06,6.558070486259825138e+00
5.570368000000000000e+06,-2.471779250650705695e+00
5.571300000000000000e+06,4.329716404384018058e-01
5.572236000000000000e+06,5.777043028172594852e-01
5.574108000000000000e+06,-3.437146561938789535e+00
5.575040000000000000e+06,-3.229420868738907213e+00
5.575976000000000000e+06,1.030648890690641917e+00
5.576912000000000000e+06,3.401347471886619900e+00
5.577848000000000000e+06,-1.986839160077517874e-01
5.578780000000000000e+06,-2.435622556300531816e-01
5.579716000000000000e+06,-3.829981104732766983e+00
5.580652000000000000e+06,-4.097816843012053845e+00
5.581588000000000000e+06,-2.756742423001357079e+00
5.582520000000000000e+06,-5.556444239935556251e-01
5.583456000000000000e+06,-1.787228306895481289e+00
5.584392000000000000e+06,5.676061973195020371e+00
5.585328000000000000e+06,4.146995717848609431e+00
5.586260000000000000e+06,4.989891862774350706e+00
5.587196000000000000e+06,5.147112719962353422e-01
5.588132000000000000e+06,-2.224309279773672987e+00
5.589068000000000000e+06,3.777054580609233270e+00
5.590000000000000000e+06,6.989385487654780071e+00
5.590936000000000000e+06,5.484831804528415233e+00
5.591872000000000000e+06,6.474079778498459170e+00
5.592808000000000000e+06,5.402111013436409204e-01
5.593740000000000000e+06,8.574691545211617694e+00
5.594676000000000000e+06,-2.224309279773672987e+00
5.595612000000000000e+06,-1.447612613808196258e+01
5.596548000000000000e+06,-2.345793189008657187e+00
5.597480000000000000e+06,8.904183807188484900e-01
5.598416000000000000e+06,3.198123931093802330e+00
5.599352000000000000e+06,3.011395914834261944e+00
5.600288000000000000e+06,-6.192693643526663294e-01
5.601220000000000000e+06,6.225826424395609626e-01
5.602156000000000000e+06,-2.576767635352412711e+00
5.603092000000000000e+06,-1.483888548982989497e-02
5.604028000000000000e+06,-3.518886193496622461e+00
5.604960000000000000e+06,-1.227044258116859909e+00
5.605896000000000000e+06,3.298610163388445038e+00
5.606832000000000000e+06,3.303112315795509346e+00
5.607768000000000000e+06,-3.437146561938789535e+00
5.608700000000000000e+06,-1.811108969577441385e+00
5.609636000000000000e+06,2.040323978025662677e-02
5.610572000000000000e+06,-2.345161279470570737e+00
5.611508000000000000e+06,4.250364935884870299e+00
5.612440000000000000e+06,-2.448530497506832049e+00
5.613376000000000000e+06,1.238374583890523795e+00
5.614312000000000000e+06,3.938282767521368299e+00
5.615248000000000000e+06,1.548837585588580756e+00
5.616180000000000000e+06,5.382094496030240371e+00
5.617116000000000000e+06,-2.203311602833331939e+00
5.618052000000000000e+06,3.735059226728550730e+00
5.618988000000000000e+06,1.276427006854957136e-01
5.619920000000000000e+06,-2.616511913029563541e+00
5.620856000000000000e+06,-2.060830016658006247e+00
5.621792000000000000e+06,-3.250418545679248705e+00
5.622728000000000000e+06,5.424089849910923355e+00
5.623660000000000000e+06,1.322365291651889319e+00
5.624596000000000000e+06,2.587466051587990368e+00
5.625532000000000000e+06,-8.269950575525482073e-01
5.626468000000000000e+06,-1.085194581479620668e+00
5.627400000000000000e+06,3.487589255851517578e+00
5.628336000000000000e+06,5.218615232914573632e+00
5.629272000000000000e+06,5.134624525153208552e+00
5.630208000000000000e+06,1.959786819581280426e+00
5.631140000000000000e+06,5.442836450647732249e+00
5.632076000000000000e+06,-3.997330610717410693e+00
5.633012000000000000e+06,2.455714018462704651e+00
5.633948000000000000e+06,-3.044943928682898537e+00
5.634880000000000000e+06,5.634066619314337387e+00
5.635816000000000000e+06,6.249858560765299664e+00
5.636752000000000000e+06,-4.223802904654101908e+00
5.637688000000000000e+06,1.383107246269381418e+00
5.638620000000000000e+06,-5.192053201683804353e+00
5.639556000000000000e+06,-4.385031091566236938e+00
5.640492000000000000e+06,4.557944951841308878e+00
5.641428000000000000e+06,-4.202805227713760416e+00
5.642360000000000000e+06,5.566571436086249491e+00
5.643296000000000000e+06,-1.442155089465424478e+00
5.644232000000000000e+06,1.525588832444707332e+00
5.645168000000000000e+06,-4.926513931725314266e-01
5.646100000000000000e+06,6.700552072435151274e+00
5.647036000000000000e+06,4.539693173787431868e-01
5.647972000000000000e+06,-8.075806415832571972e+00
5.648908000000000000e+06,-5.479267450237988335e+00
5.649840000000000000e+06,-4.553012507088968874e+00
5.650776000000000000e+06,-2.018834662777323707e+00
5.651712000000000000e+06,-4.368535567032959754e+00
5.652648000000000000e+06,5.463834127588073741e+00
5.653580000000000000e+06,-3.340175224923851882e+00
5.654516000000000000e+06,1.505578412631724872e+00
5.655452000000000000e+06,5.928034096479116499e+00
5.656388000000000000e+06,-4.302902718895937340e-01
5.657320000000000000e+06,-1.586887751844282324e+00
5.658256000000000000e+06,1.383107246269381418e+00
5.659192000000000000e+06,-5.113979939093407090e-01
5.660128000000000000e+06,-3.810602594457870307e+00
5.661060000000000000e+06,2.083521805019796780e+00
5.661996000000000000e+06,9.075458147902122352e-01
5.662932000000000000e+06,-1.042775839629173973e+01
5.663868000000000000e+06,4.591033793238939453e-01
5.664800000000000000e+06,1.177632629273031695e+00
5.665736000000000000e+06,-2.716998145324206693e+00
5.666672000000000000e+06,-5.481518526441520045e+00
5.667608000000000000e+06,-5.108062493922439273e+00
5.668540000000000000e+06,-1.198272701915368971e-01
5.669476000000000000e+06,1.137888351595880865e+00
5.670412000000000000e+06,-4.387282167769769536e+00
5.671348000000000000e+06,-8.075806415832571972e+00
5.672280000000000000e+06,-1.724867185612543929e+00
5.673216000000000000e+06,-1.069172389170205051e+01
5.674152000000000000e+06,-1.175585218704886437e+01
5.675088000000000000e+06,-3.371902454914232905e+00
5.676020000000000000e+06,-6.554757208172929950e+00
5.676956000000000000e+06,-4.513268229411817600e+00
5.677892000000000000e+06,-1.626632029521433154e+00
5.678828000000000000e+06,-8.159797123593937940e+00
5.679760000000000000e+06,-9.270529006798962968e+00
5.680696000000000000e+06,-3.316294562241892230e+00
5.681632000000000000e+06,-4.265798258534784893e+00
5.682568000000000000e+06,-1.846322609728707320e+01
5.683500000000000000e+06,-1.380645155219457010e+01
5.684436000000000000e+06,-2.591353574812400495e+01
5.685372000000000000e+06,-2.742497974671612049e+00
5.686308000000000000e+06,-1.263497771437205230e+01
5.687240000000000000e+06,-7.643859504899531032e+00
5.688176000000000000e+06,-1.164059567845685628e+01
5.689112000000000000e+06,-1.216103544955832838e+01
5.690048000000000000e+06,-1.358448141066494408e+01
5.690980000000000000e+06,-1.627925553235063916e+01
5.691916000000000000e+06,-1.788654652397517708e+01
5.692852000000000000e+06,-1.226152168185297064e+01
5.693788000000000000e+06,-2.058483554094057411e+01
5.694720000000000000e+06,-2.793051215466507387e+01
5.695656000000000000e+06,-2.409113392515089913e+01
5.696592000000000000e+06,-1.465033495424767018e+01
5.697528000000000000e+06,-1.531550738772800102e+01
5.698460000000000000e+06,-1.790979527711904851e+01
5.699396000000000000e+06,-2.131173718616575385e+01
5.700332000000000000e+06,-2.619723510139847988e+01
5.701268000000000000e+06,-4.097134251346267320e+01
5.702200000000000000e+06,-3.926068230380187174e+01
5.703136000000000000e+06,-3.050380236711577808e+01
5.704072000000000000e+06,-4.242190747058214129e+01
5.705008000000000000e+06,-1.891553877562236963e+01
5.705940000000000000e+06,-3.112085812764291504e+01
5.706876000000000000e+06,-3.924193570306506018e+01
5.707812000000000000e+06,-4.688520077080450932e+01
5.708748000000000000e+06,-5.799565185461521821e+01
5.709680000000000000e+06,-5.698828918944644784e+01
5.710616000000000000e+06,-6.025000058852136675e+01
5.711552000000000000e+06,-6.387328072955960323e+01
5.712488000000000000e+06,-6.890126023096765095e+01
5.713420000000000000e+06,-6.401801339193846729e+01
5.714356000000000000e+06,-5.789238871814941945e+01
5.715292000000000000e+06,-2.363686111939346191e+01
5.716228000000000000e+06,-8.609733637464616063e-01
5.717160000000000000e+06,5.687423435783147241e+00
5.718096000000000000e+06,3.359922646208940478e+01
5.719032000000000000e+06,9.603260317838712012e+01
5.719968000000000000e+06,1.648066510010145578e+02
5.720900000000000000e+06,2.345172218906813271e+02
5.721836000000000000e+06,2.657577056713229240e+02
5.722772000000000000e+06,2.712124980217189432e+02
5.723708000000000000e+06,2.277383120739676770e+02
5.724640000000000000e+06,1.696870148543021344e+02
5.725576000000000000e+06,8.104799316895190486e+01
5.726512000000000000e+06,5.130070160884849173e+01
5.727448000000000000e+06,5.178239045699336351e+00
5.728380000000000000e+06,-9.659848654313238470e+00
5.729316000000000000e+06,-1.881055039092066394e+01
5.730252000000000000e+06,-1.945022299505358632e+01
5.731188000000000000e+06,-1.200954955856887452e+01
5.732120000000000000e+06,-1.911595201872084093e+00
5.733056000000000000e+06,6.392972056478712695e+00
5.733992000000000000e+06,2.209507866661845288e+00
5.734928000000000000e+06,3.164145624899889153e+00
5.735860000000000000e+06,-2.003030826731974634e-01
5.736796000000000000e+06,1.677706632972247869e+00
5.737732000000000000e+06,-8.167269336622468012e-01
5.738668000000000000e+06,2.729947637763316060e+00
5.739600000000000000e+06,-3.084688206360049367e+00
5.740536000000000000e+06,6.682437381236428386e+00
5.741472000000000000e+06,5.302605940675939600e+00
5.742408000000000000e+06,5.755550528549322031e+00
5.743340000000000000e+06,3.057893421122008792e+00
5.744276000000000000e+06,8.300351844340541518e+00
5.745212000000000000e+06,-3.418399961201980197e+00
5.746148000000000000e+06,3.728615953589962118e-01
5.747080000000000000e+06,-4.349788966296149972e+00
5.748016000000000000e+06,-1.790111292637100115e+00
5.748952000000000000e+06,3.774803504405701116e+00
5.749888000000000000e+06,-4.263547182331253182e+00
5.750820000000000000e+06,-2.863349974368509798e+00
5.751756000000000000e+06,-1.045450303802470060e+00
5.752692000000000000e+06,-3.502390668963345721e+00
5.753628000000000000e+06,-2.244675047175928029e+00
5.754560000000000000e+06,2.153268064451417274e+00
5.755496000000000000e+06,-6.628479792043994401e+00
5.756432000000000000e+06,-1.913214368537529797e+00
5.757368000000000000e+06,-3.542134946640496551e+00
5.758300000000000000e+06,-6.591618500108461731e+00
5.759236000000000000e+06,-7.769826559850959713e-01
5.760172000000000000e+06,3.590326564349692884e+00
5.761108000000000000e+06,-3.899140846743565092e-01
5.762040000000000000e+06,-2.984201974065406660e+00
5.762976000000000000e+06,-4.303291460008403568e+00
5.763912000000000000e+06,9.463453286887018479e+00
5.764848000000000000e+06,1.117861564895488335e+01
5.765780000000000000e+06,-3.542134946640496551e+00
5.766716000000000000e+06,-2.165818401359713263e+00
5.767652000000000000e+06,2.477975514479219044e+00
5.768588000000000000e+06,-2.392290695296404479e+00
5.769520000000000000e+06,-1.607885428784623816e+00
5.770456000000000000e+06,3.198755840631889225e+00
5.771392000000000000e+06,3.518639184186547753e-01
5.772328000000000000e+06,-2.840101221224636152e+00
5.773260000000000000e+06,1.049395491427451255e+00
5.774196000000000000e+06,1.088239709558657253e+01
5.775132000000000000e+06,8.209607907968578644e+00
5.776068000000000000e+06,7.673153048184186975e-01
5.777000000000000000e+06,3.053391268714944484e+00
5.777936000000000000e+06,-3.600625825054456275e+00
5.778872000000000000e+06,3.917285090581026807e+00
5.779808000000000000e+06,3.648817442763652608e+00
5.780740000000000000e+06,6.987766320989333479e+00
5.781676000000000000e+06,8.968513345132953063e+00
5.782612000000000000e+06,8.968513345132953063e+00
5.783548000000000000e+06,1.352255058172728219e+01
5.784480000000000000e+06,-1.152712881690864322e+01
5.785416000000000000e+06,-5.505399189123480141e+00
5.786352000000000000e+06,5.673810896991487773e+00
5.787288000000000000e+06,-2.657875357372160074e+00
5.788220000000000000e+06,-3.068824591364859078e+00
5.789156000000000000e+06,-2.800356943547485322e+00
5.790092000000000000e+06,1.011902289953832579e+00
5.791028000000000000e+06,9.540433210779591944e-01
5.791960000000000000e+06,-1.934843955015957961e+00
5.792896000000000000e+06,4.171080254432111278e-01
5.793832000000000000e+06,-1.296435169959207823e+00
5.794768000000000000e+06,1.896793788760256172e+00
5.795700000000000000e+06,3.033025501312689887e+00
5.796636000000000000e+06,1.240625660094055949e+00
5.797572000000000000e+06,5.484831804528415233e+00
5.798508000000000000e+06,5.732301775405447941e+00
5.799440000000000000e+06,-8.233406871791831838e-02
5.800376000000000000e+06,-3.147681237181073843e+00
5.801312000000000000e+06,-4.282293783068062076e+00
5.802248000000000000e+06,-8.260283355888580203e+00
5.803180000000000000e+06,1.341111892388698656e+00
5.804116000000000000e+06,-1.081644613426792567e+01
5.805052000000000000e+06,-3.163544852176264577e+00
5.805988000000000000e+06,-4.756236047881786000e+00
5.806920000000000000e+06,-1.313917951619844038e+00
5.807856000000000000e+06,3.405849624293684652e+00
5.808792000000000000e+06,-1.087445657683152822e+00
5.809728000000000000e+06,-3.334409253440614229e+00
5.810660000000000000e+06,-5.602370526138417794e+00
5.811596000000000000e+06,-5.747103188517275640e+00
5.812532000000000000e+06,1.778192865266890355e+00
5.813468000000000000e+06,-1.297422427086566854e+00
5.814400000000000000e+06,1.611830616409604788e+00
5.815336000000000000e+06,-6.135790926493460695e+00
5.816272000000000000e+06,-7.128553795743209243e+00
5.817208000000000000e+06,-4.223802904654101908e+00
5.818140000000000000e+06,-2.634626604228285984e+00
5.819076000000000000e+06,-1.955841631956299231e+00
5.820012000000000000e+06,-3.623874578198329477e+00
5.820948000000000000e+06,-4.239666519649293086e+00
5.821880000000000000e+06,-4.178924565031800320e+00
5.822816000000000000e+06,-3.311160500296741027e+00
5.823752000000000000e+06,-8.024824853325017715e-01
5.824688000000000000e+06,-3.166427837917883181e+00
5.825620000000000000e+06,-1.052923188571374169e+01
5.826556000000000000e+06,-2.055695954712855489e+00
5.827492000000000000e+06,-1.790111292637100115e+00
5.828428000000000000e+06,1.467097954030746942e+00
5.829360000000000000e+06,2.046028603546178104e+00
5.830296000000000000e+06,2.414982483658195012e+00
5.831232000000000000e+06,3.331173176818454928e-01
5.832168000000000000e+06,3.590326564349692884e+00
5.833100000000000000e+06,4.062017752959884653e+00
5.834036000000000000e+06,-5.295422419720066110e+00
5.834972000000000000e+06,-1.319741283935420562e+01
5.835908000000000000e+06,-2.510891618789770074e+00
5.836840000000000000e+06,3.096018532133713919e+00
5.837776000000000000e+06,1.030648890690641917e+00
5.838712000000000000e+06,4.887154554276175844e+00
5.839648000000000000e+06,2.514836806414751269e+00
5.840580000000000000e+06,6.045015853307036835e+00
5.841516000000000000e+06,5.071631494332184076e+00
5.842452000000000000e+06,1.236123507686991640e+00
5.843388000000000000e+06,2.138497788154051449e+00
5.844320000000000000e+06,-2.312170230404016369e+00
5.845256000000000000e+06,7.011015074133206681e+00
5.846192000000000000e+06,9.073501729834660523e+00
5.847128000000000000e+06,6.826926875189665012e-01
5.848060000000000000e+06,1.135637275392348933e+00
5.848996000000000000e+06,7.113120473093296425e+00
5.849932000000000000e+06,5.134624525153208552e+00
5.850868000000000000e+06,1.072644244571324679e+00
5.851800000000000000e+06,5.071631494332184076e+00
5.852736000000000000e+06,2.580080913439307455e+00
5.853672000000000000e+06,8.209607907968578644e+00
5.854608000000000000e+06,5.195366479770699542e+00
5.855540000000000000e+06,1.419968538204913644e+00
5.856476000000000000e+06,9.789779903580267728e+00
5.857412000000000000e+06,4.929149908156857940e+00
5.858348000000000000e+06,5.732301775405447941e+00
5.859280000000000000e+06,4.187371905063846711e+00
5.860216000000000000e+06,7.673153048184186975e-01
5.861152000000000000e+06,1.177632629273031695e+00
5.862088000000000000e+06,-3.913339902956045169e+00
5.863020000000000000e+06,-4.324289136948745060e+00
5.863956000000000000e+06,8.924266915048740145e+00
5.864892000000000000e+06,1.608961339353501785e+01
5.865828000000000000e+06,-2.636877680431818582e+00
5.866760000000000000e+06,3.699786096173776073e-01
5.867696000000000000e+06,1.422851523946532248e+00
5.868632000000000000e+06,4.679428861076293522e+00
5.869568000000000000e+06,1.093641921511666171e+00
5.870500000000000000e+06,3.916653181042939913e+00
5.871436000000000000e+06,7.434346421364587121e-01
5.872372000000000000e+06,1.756563278788462634e+00
5.873308000000000000e+06,-4.240298429187379092e+00
5.874240000000000000e+06,1.423035027862638024e+01
5.875176000000000000e+06,8.640922909363533577e+00
5.876112000000000000e+06,4.434841875940879419e+00
5.877048000000000000e+06,1.774677969987185522e+00
5.877980000000000000e+06,-3.318545638445423940e+00
5.878916000000000000e+06,3.711810473584676640e+00
5.879852000000000000e+06,5.979771746282481537e+00
5.880788000000000000e+06,1.467097954030746942e+00
5.881720000000000000e+06,-1.314549861157930710e+00
5.882656000000000000e+06,-8.384018341327097446e+00
5.883592000000000000e+06,-7.135307024353805261e+00
5.884528000000000000e+06,5.491585033139012140e+00
5.885460000000000000e+06,-3.237437916425677020e+00
5.886396000000000000e+06,-4.494521628675007818e+00
5.887332000000000000e+06,3.695314949051399900e+00
5.888268000000000000e+06,1.177632629273031695e+00
5.889200000000000000e+06,5.176619879033891536e+00
5.890136000000000000e+06,-3.128934636444264505e+00
5.891076000000000000e+06,5.147112719962353422e-01
5.892008000000000000e+06,3.198123931093802330e+00
5.892940000000000000e+06,7.463176278780772055e-01
5.893876000000000000e+06,-1.200451090071629201e+00
5.894812000000000000e+06,8.320362264153523313e+00
5.895748000000000000e+06,-1.127290561742101183e+01
5.896680000000000000e+06,-3.500139592759813567e+00
5.897616000000000000e+06,-3.768607240577187323e+00
5.898552000000000000e+06,-1.500645967879384868e+00
5.899488000000000000e+06,1.883846553029878412e-01
5.900420000000000000e+06,3.445593901970835038e+00
5.901356000000000000e+06,3.405849624293684652e+00
5.902292000000000000e+06,5.134624525153208552e+00
5.903228000000000000e+06,3.609073165086502222e+00
5.904160000000000000e+06,5.384345572233772081e+00
5.905096000000000000e+06,1.007175400861883396e+01
5.906032000000000000e+06,7.036903644593079932e-01
5.906968000000000000e+06,3.567077811205819238e+00
5.907900000000000000e+06,-1.521643644819726138e+00
5.908836000000000000e+06,-2.660758343113778235e+00
5.909772000000000000e+06,-6.449136913933135595e+00
5.910708000000000000e+06,-1.892848601135274977e+00
5.911640000000000000e+06,5.385919346781953276e-01
5.912584000000000000e+06,6.003020499426353851e+00
5.913512000000000000e+06,9.441823700408590980e+00
5.914448000000000000e+06,-1.222853063278641628e+01
5.915380000000000000e+06,6.845916644352095126e+00
5.916316000000000000e+06,3.569328887409351392e+00
5.917252000000000000e+06,-1.580134523233686084e+00
5.918188000000000000e+06,1.735565601848121364e+00
5.919120000000000000e+06,-1.748115938756417131e+00
5.920056000000000000e+06,-4.844096998512129382e+00
5.920992000000000000e+06,-3.005199651005748152e+00
5.921928000000000000e+06,-3.168678914121415335e+00
5.922860000000000000e+06,-1.622129877114368846e+00
5.923796000000000000e+06,-3.905459942124430150e-01
5.924732000000000000e+06,7.796407597772347486e+00
5.925668000000000000e+06,3.156128577213119790e+00
5.926600000000000000e+06,-8.008633186670560677e-01
5.927536000000000000e+06,-6.822623951736905834e-01
5.928472000000000000e+06,-2.060830016658006247e+00
5.929408000000000000e+06,-2.055695954712855489e+00
5.930340000000000000e+06,-4.223802904654101908e+00
5.931276000000000000e+06,-2.777108190403612120e+00
5.932212000000000000e+06,-8.652485989144471645e+00
5.933148000000000000e+06,3.592577640553224594e+00
5.934088000000000000e+06,-2.615880003491477090e+00
5.935016000000000000e+06,-2.650490219223476274e+00
5.935952000000000000e+06,2.513776861240120120e-01
5.936888000000000000e+06,8.274253498978243471e-01
5.937820000000000000e+06,3.116384299535968960e+00
5.938756000000000000e+06,4.778499800607031722e-01
5.939692000000000000e+06,-2.821354620487826814e+00
5.940628000000000000e+06,-1.603383276377559508e+00
5.941560000000000000e+06,5.379600251401088773e-01
5.942496000000000000e+06,3.054023178253031379e+00
5.943432000000000000e+06,-4.202805227713760416e+00
5.944368000000000000e+06,-1.290794751459648992e+01
5.945300000000000000e+06,5.592071265433654403e+00
5.946236000000000000e+06,1.093641921511666171e+00
5.947172000000000000e+06,6.705054224842214694e+00
5.948108000000000000e+06,-2.903094252045660628e+00
5.949040000000000000e+06,-9.819768371310894084e-02
5.949976000000000000e+06,-7.991815708071206892e+00
5.950912000000000000e+06,1.276427006854957136e-01
5.951848000000000000e+06,5.916778715461457061e+00
5.952780000000000000e+06,-1.729369338019608016e+00
5.953716000000000000e+06,-7.851585198099412466e+00
5.954652000000000000e+06,-2.042083415921196909e+00
5.955592000000000000e+06,7.062014732828018282e+00
5.956520000000000000e+06,1.093641921511666171e+00
5.957456000000000000e+06,5.010889539714692198e+00
5.958392000000000000e+06,-2.636877680431818582e+00
5.959328000000000000e+06,1.861335790994557149e-01
5.960260000000000000e+06,5.298103788268874403e+00
5.961196000000000000e+06,-3.189676591061756383e+00
5.962132000000000000e+06,3.261116961914826806e+00
5.963068000000000000e+06,5.279357187532065510e+00
5.964000000000000000e+06,-3.311792409834827922e+00
5.964936000000000000e+06,2.372355220239425577e+00
5.965872000000000000e+06,-7.208042351097510902e+00
5.966808000000000000e+06,5.239612909854915124e+00
5.967740000000000000e+06,5.071631494332184076e+00
5.968676000000000000e+06,9.525814408169956948e+00
5.969612000000000000e+06,2.106770558163669982e+00
5.970548000000000000e+06,2.723753630643534485e-01
5.971480000000000000e+06,2.682186312399395867e+00
5.972416000000000000e+06,3.795801181346042164e+00
5.973352000000000000e+06,1.461963892085596406e+00
5.974288000000000000e+06,2.367221158294274819e+00
5.975220000000000000e+06,1.758814354991994566e+00
5.976156000000000000e+06,2.742928267016887744e+00
5.977096000000000000e+06,2.723753630643534485e-01
5.978028000000000000e+06,3.611324241290033932e+00
5.978960000000000000e+06,1.114639598452007663e+00
5.979896000000000000e+06,5.595896116185367086e-01
5.980832000000000000e+06,6.927024366371841602e+00
5.981768000000000000e+06,-2.840733130762722602e+00
5.982700000000000000e+06,1.550456752254026238e+00
5.983636000000000000e+06,-6.139937731311252200e+00
5.984572000000000000e+06,1.195725494398342725e+01
5.985508000000000000e+06,9.113246007511811797e+00
5.986440000000000000e+06,8.884522637371587095e+00
5.987376000000000000e+06,5.606315713763399877e+00
5.988312000000000000e+06,4.064268829163416363e+00
5.989248000000000000e+06,8.484230268381657281e-01
5.990180000000000000e+06,3.671434286369439803e+00
5.991116000000000000e+06,9.886535368099591548e-01
5.992052000000000000e+06,8.389582695617521679e+00
5.992988000000000000e+06,8.433829125701738150e+00
5.993920000000000000e+06,7.276599736208962277e+00
5.994856000000000000e+06,-7.418019120500924934e+00
5.995792000000000000e+06,4.969526095372095220e+00
5.996728000000000000e+06,6.165867853003934584e+00
5.997660000000000000e+06,7.854299960171414741e-01
5.998604000000000000e+06,-2.695368558845778306e+00
5.999532000000000000e+06,1.276427006854957136e-01
6.000468000000000000e+06,3.487589255851517578e+00
6.001400000000000000e+06,2.376857372646489885e+00
6.002336000000000000e+06,6.312851591586324140e+00
6.003272000000000000e+06,3.569328887409351392e+00
6.004208000000000000e+06,-4.137561120689204230e+00
6.005140000000000000e+06,1.842805062753360312e+00
6.006076000000000000e+06,-2.200428617091712891e+00
6.007012000000000000e+06,-2.968338359070216370e+00
6.007948000000000000e+06,2.517087882618283423e+00
6.008880000000000000e+06,1.177632629273031695e+00
6.009816000000000000e+06,5.961025145545670867e+00
6.010752000000000000e+06,6.579068163200166630e+00
6.011688000000000000e+06,5.484831804528415233e+00
6.012620000000000000e+06,9.260229746094202241e+00
6.013556000000000000e+06,5.916778715461457061e+00
6.014492000000000000e+06,3.751126715625283103e-01
6.015428000000000000e+06,-6.494647163093524078e+00
6.016360000000000000e+06,-7.065560764922185655e+00
6.017296000000000000e+06,-3.768607240577187323e+00
6.018232000000000000e+06,-3.808351518254338153e+00
6.019168000000000000e+06,3.424596225030493546e+00
6.020108000000000000e+06,4.724307200698594222e+00
6.021036000000000000e+06,8.291347539526411126e+00
6.021972000000000000e+06,3.072137869451753822e+00
6.022908000000000000e+06,5.094880247476057278e+00
6.023840000000000000e+06,4.722056124495062512e+00
6.024776000000000000e+06,1.154383876129158271e+00
6.025712000000000000e+06,6.668290725237757677e-01
6.026648000000000000e+06,6.618812440877317016e+00
6.027580000000000000e+06,3.632321918230375424e+00
6.028516000000000000e+06,4.989891862774350706e+00
6.029452000000000000e+06,2.064775204282987442e+00
6.030388000000000000e+06,2.043777527342645950e+00
6.031320000000000000e+06,6.471828702294927460e+00
6.032256000000000000e+06,1.115248391006939066e+01
6.033192000000000000e+06,5.610817866170464185e+00
6.034128000000000000e+06,1.562450124380239114e+00
6.035060000000000000e+06,1.689150144170743317e+01
6.035996000000000000e+06,6.700552072435151274e+00
6.036932000000000000e+06,3.506335856588327360e+00
6.037868000000000000e+06,6.350344793059942816e+00
6.038800000000000000e+06,6.497328531642332372e+00
6.039736000000000000e+06,5.218615232914573632e+00
6.040672000000000000e+06,4.145376551183163727e+00
6.041612000000000000e+06,5.340099142149557387e+00
6.042540000000000000e+06,3.564194825464200633e+00
6.043476000000000000e+06,4.747555953842467424e+00
6.044412000000000000e+06,3.487589255851517578e+00
6.045348000000000000e+06,6.063762454043846617e+00
6.046280000000000000e+06,-1.523894721023258070e+00
6.047216000000000000e+06,5.568822512289781201e+00
6.048152000000000000e+06,6.497328531642332372e+00
6.049088000000000000e+06,3.096018532133713919e+00
6.050020000000000000e+06,8.186359154824705442e+00
6.050956000000000000e+06,3.983614247064018454e-01
6.051892000000000000e+06,7.318595090089645261e+00
6.052828000000000000e+06,9.512201869378298369e+00
6.053760000000000000e+06,2.643073944260331487e+00
6.054696000000000000e+06,6.681805471698341492e+00
6.055632000000000000e+06,8.968513345132953063e+00
6.056568000000000000e+06,7.589313814110552059e+00
6.057500000000000000e+06,8.274253498978243471e-01
6.058436000000000000e+06,-4.302902718895937340e-01
6.059372000000000000e+06,6.558070486259825138e+00
6.060308000000000000e+06,8.536566434199912123e+00
6.061240000000000000e+06,1.276427006854957136e-01
6.062176000000000000e+06,1.464846877827215010e+00
6.063116000000000000e+06,4.292360289765553283e+00
6.064048000000000000e+06,-1.502897044082916800e+00
6.064980000000000000e+06,1.181702443401163372e+01
6.065916000000000000e+06,5.302605940675939600e+00
6.066852000000000000e+06,6.497328531642332372e+00
6.067788000000000000e+06,7.502440120607567486e+00
6.068720000000000000e+06,9.175607128794750267e+00
6.069656000000000000e+06,4.863905801132301754e+00
6.070592000000000000e+06,5.279357187532065510e+00
6.071528000000000000e+06,1.320114215448357164e+00
6.072460000000000000e+06,8.679048020375237371e+00
6.073396000000000000e+06,2.649902249156705913e-01
6.074332000000000000e+06,3.116384299535968960e+00
6.075268000000000000e+06,5.113626848212867060e+00
6.076200000000000000e+06,5.218615232914573632e+00
6.077136000000000000e+06,5.713555174668639047e+00
6.078072000000000000e+06,4.950779494635285438e+00
6.079008000000000000e+06,8.859162283117840708e-01
6.079940000000000000e+06,5.484831804528415233e+00
6.080876000000000000e+06,9.318720624508161521e+00
6.081812000000000000e+06,3.034644667978135590e+00
6.082748000000000000e+06,7.442330075528161615e+00
6.083680000000000000e+06,1.009019304212213974e+00
6.084624000000000000e+06,5.566571436086249491e+00
6.085552000000000000e+06,3.232734146825802846e+00
6.086488000000000000e+06,5.176619879033891536e+00
6.087420000000000000e+06,6.147121252267125691e+00
6.088356000000000000e+06,4.576691552578118660e+00
6.089292000000000000e+06,5.529078234612629927e+00
6.090228000000000000e+06,3.445593901970835038e+00
6.091160000000000000e+06,4.600572215260077868e+00
6.092096000000000000e+06,1.551088661792112688e+00
6.093032000000000000e+06,-3.852597948338552847e+00
6.093968000000000000e+06,-3.485506403317601976e-01
6.094900000000000000e+06,-8.453132691220629269e+00
6.095836000000000000e+06,-4.945215140344858540e+00
6.096772000000000000e+06,3.156128577213119790e+00
6.097708000000000000e+06,3.525082457325136698e+00
6.098640000000000000e+06,4.410961213258919322e+00
6.099576000000000000e+06,3.384851947353343160e+00
6.100512000000000000e+06,1.486403776258370946e-01
6.101448000000000000e+06,-5.136490701128728631e-01
6.102380000000000000e+06,4.166374228123505219e+00
6.103316000000000000e+06,-2.884347651308850846e+00
6.104252000000000000e+06,-9.580992008497020151e+00
6.105188000000000000e+06,-1.243294225986011081e-01
6.106128000000000000e+06,5.650562143847614571e+00
6.107056000000000000e+06,7.434346421364587121e-01
6.107992000000000000e+06,1.177632629273031695e+00
6.108928000000000000e+06,1.861335790994557149e-01
6.109860000000000000e+06,-3.189676591061756383e+00
6.110796000000000000e+06,-7.851585198099412466e+00
6.111732000000000000e+06,1.030648890690641917e+00
6.112668000000000000e+06,-3.418399961201980197e+00
6.113600000000000000e+06,3.506967766126413366e+00
6.114536000000000000e+06,1.597787178022271171e+01
6.115472000000000000e+06,7.734678386027495023e+00
6.116408000000000000e+06,4.395097598263728145e+00
6.117340000000000000e+06,5.260610586795256616e+00
6.118276000000000000e+06,5.239612909854915124e+00
6.119212000000000000e+06,1.345614044795762965e+00
6.120148000000000000e+06,1.527839908648239264e+00
6.121080000000000000e+06,-3.650006317083822172e+00
6.122016000000000000e+06,-5.270909847500019119e+00
6.122952000000000000e+06,-2.329297664475380003e+00
6.123888000000000000e+06,-1.028527681011641626e+01
6.124820000000000000e+06,-1.523894721023258070e+00
6.125756000000000000e+06,-8.588861048785357610e+00
6.126692000000000000e+06,-4.160809873833077432e+00
6.127632000000000000e+06,5.568822512289781201e+00
6.128560000000000000e+06,1.261623337034397441e+00
6.129496000000000000e+06,-1.640737002757517993e-01
6.130432000000000000e+06,-1.379793968182487118e+00
6.131368000000000000e+06,-6.736351162487318689e+00
6.132300000000000000e+06,-5.045069463101414797e+00
6.133236000000000000e+06,-3.684616532815821799e+00
6.134172000000000000e+06,-1.130526475694948019e+01
6.135108000000000000e+06,-5.502516203381861537e+00
6.136040000000000000e+06,6.413292431763701895e-01
6.136976000000000000e+06,-3.297547961505082448e+00
6.137912000000000000e+06,-8.344274063649944395e+00
6.138848000000000000e+06,-4.715859860666547831e+00
6.139780000000000000e+06,-4.576261260232842076e+00
6.140716000000000000e+06,-3.915590979159577323e+00
6.141652000000000000e+06,-1.186706797239354749e+01
6.142588000000000000e+06,-8.344274063649944395e+00
6.143520000000000000e+06,-7.704601459517022022e+00
6.144456000000000000e+06,-3.915590979159577323e+00
6.145392000000000000e+06,-1.095955962998133693e+01
6.146328000000000000e+06,-1.180407494157252302e+01
6.147260000000000000e+06,-1.580819625327853295e+01
6.148196000000000000e+06,-4.325908303614189876e+00
6.149136000000000000e+06,-1.223827292870909567e+01
6.150068000000000000e+06,-1.185057244786027120e+01
6.151000000000000000e+06,-1.238237368154986662e+01
6.151936000000000000e+06,-1.823675380335038554e+01
6.152872000000000000e+06,-1.510553061832458610e+01
6.153808000000000000e+06,-1.345561236328127741e+01
6.154740000000000000e+06,-2.213075266840953503e+01
6.155676000000000000e+06,-2.878990382412408877e+01
6.156612000000000000e+06,-2.786301697143698064e+01
6.157548000000000000e+06,-2.695550862902477007e+01
6.158480000000000000e+06,-2.565804872956020333e+01
6.159416000000000000e+06,-3.130695423436436897e+01
6.160352000000000000e+06,-3.514534520675118046e+01
6.161288000000000000e+06,-3.532468808486203926e+01
6.162220000000000000e+06,-4.616667152085536685e+01
6.164092000000000000e+06,-3.876799343825133803e+01
6.165028000000000000e+06,-6.024387926944885407e+01
6.165960000000000000e+06,-5.047323878657266505e+01
6.166896000000000000e+06,-2.905468609628341170e+01
6.167832000000000000e+06,-1.400887270307095456e+01
6.168768000000000000e+06,-5.744220202775656148e+00
6.169700000000000000e+06,-1.680194637965564297e+01
6.170644000000000000e+06,5.134624525153208552e+00
6.171572000000000000e+06,4.161369648614439853e+01
6.172508000000000000e+06,8.234661080592216820e+01
6.173440000000000000e+06,1.082486520834576993e+02
6.174376000000000000e+06,1.380527092737391399e+02
6.175312000000000000e+06,1.655144506979136736e+02
6.176248000000000000e+06,1.753995452994653874e+02
6.177180000000000000e+06,1.662834537785899727e+02
6.178116000000000000e+06,1.406447460869266877e+02
6.179052000000000000e+06,1.113003867131291997e+02
6.179988000000000000e+06,7.539286026350475822e+01
6.180920000000000000e+06,4.012725749421676369e+01
6.181856000000000000e+06,2.870011600806502372e+01
6.182792000000000000e+06,6.831040286484263646e+00
6.183728000000000000e+06,1.019612090359543544e+01
6.184660000000000000e+06,-3.043956671555540172e+00
6.185596000000000000e+06,-5.003074109220731813e+00
6.186532000000000000e+06,-3.334409253440614229e+00
6.187468000000000000e+06,2.853050713663745519e+00
6.188400000000000000e+06,6.645779963202437246e-01
6.189336000000000000e+06,6.171001914949084899e+00
6.190272000000000000e+06,4.192505967008997025e+00
6.191208000000000000e+06,7.199994166596280110e+00
6.192148000000000000e+06,8.765921713878222832e+00
6.193076000000000000e+06,3.219753517572230717e+00
6.194012000000000000e+06,3.624936780081692955e+00
6.194948000000000000e+06,-2.342278293728951688e+00
6.195880000000000000e+06,3.446225811508921488e+00
6.196816000000000000e+06,6.229492793363045067e+00
6.197752000000000000e+06,1.614081692613136720e+00
6.198688000000000000e+06,3.387103023556874870e+00
6.199620000000000000e+06,-8.176292648127214235e+00
6.200556000000000000e+06,3.773637477660604644e-01
6.201492000000000000e+06,-2.924091928986001676e+00
6.202428000000000000e+06,-6.591618500108461731e+00
6.203360000000000000e+06,7.059414406628400362e-01
6.204296000000000000e+06,5.774297129286130925e+00
6.205232000000000000e+06,-3.500139592759813567e+00
6.206168000000000000e+06,1.693570247967438602e+00
6.207100000000000000e+06,-4.218668842708951594e+00
6.208036000000000000e+06,-1.127189935360303430e+00
6.208972000000000000e+06,-2.529638219526578968e+00
6.209908000000000000e+06,2.335493928303893796e+00
6.210840000000000000e+06,6.619444350415403910e+00
6.211776000000000000e+06,4.727190186440212827e+00
6.212712000000000000e+06,-3.395151208058106551e+00
6.213652000000000000e+06,9.545192918444852737e+00
6.214580000000000000e+06,-1.010143177959849226e+01
6.215516000000000000e+06,1.452143477004954164e+01
6.216452000000000000e+06,3.590326564349692884e+00
6.217388000000000000e+06,5.505829481468756725e+00
6.218320000000000000e+06,-2.779359266607143830e+00
6.219256000000000000e+06,1.467097954030746942e+00
6.220192000000000000e+06,-1.916097354279148401e+00
6.221128000000000000e+06,6.042764777103505125e+00
6.222060000000000000e+06,3.445593901970835038e+00
6.222996000000000000e+06,1.714567924907779872e+00
6.223932000000000000e+06,1.561567112872129215e+01
6.224868000000000000e+06,3.177126254153460838e+00
6.225800000000000000e+06,3.898538489844217469e+00
6.226736000000000000e+06,5.445087526851264847e+00
6.227672000000000000e+06,6.228860883824958172e+00
6.229540000000000000e+06,3.960899611127155495e+00
6.230476000000000000e+06,3.590326564349692884e+00
6.231412000000000000e+06,-1.850853247254592215e+00
6.232348000000000000e+06,1.427353676353596335e+00
6.233280000000000000e+06,9.755169687848265880e+00
6.234216000000000000e+06,1.200825460267823885e+01
6.235156000000000000e+06,1.817309772617680963e+01
6.236088000000000000e+06,5.218615232914573632e+00
6.237020000000000000e+06,5.568822512289781201e+00
6.237956000000000000e+06,-6.612647182333490914e-01
6.238892000000000000e+06,3.795801181346042164e+00
6.239828000000000000e+06,-2.225645786897117728e-01
6.240760000000000000e+06,2.951285869754856073e+00
6.241696000000000000e+06,-2.450149664172277753e+00
6.242632000000000000e+06,3.672066195907526254e+00
6.243568000000000000e+06,2.151016988247885120e+00
6.244500000000000000e+06,-7.662531029350561074e-01
6.245436000000000000e+06,-1.229927243858478514e+00
6.246372000000000000e+06,6.228860883824958172e+00
6.247308000000000000e+06,-1.272554507277247726e+00
6.248240000000000000e+06,5.403092172970581863e+00
6.249176000000000000e+06,7.173862427710787415e+00
6.250112000000000000e+06,1.034996395235888755e+01
6.251048000000000000e+06,5.529078234612629927e+00
6.251980000000000000e+06,7.689800046405195211e+00
6.252916000000000000e+06,-1.397908659381209784e+00
6.253852000000000000e+06,1.877415278485360162e+00
6.254788000000000000e+06,-3.992828458310346385e+00
6.255720000000000000e+06,-6.578637870854890046e+00
6.256660000000000000e+06,-8.848540264284217027e-01
6.257592000000000000e+06,3.590326564349692884e+00
6.258528000000000000e+06,-1.622129877114368846e+00
6.259460000000000000e+06,-1.750367014959949508e+00
6.260396000000000000e+06,-4.223802904654101908e+00
6.261332000000000000e+06,3.095386622595627468e+00
6.262268000000000000e+06,7.666833952803321361e-01
6.263200000000000000e+06,7.547318460229869075e+00
6.264136000000000000e+06,-6.869090452739963659e+00
6.265072000000000000e+06,1.276589622076644126e+01
6.266008000000000000e+06,-4.535390250334672135e-01
6.266940000000000000e+06,8.082002679661083988e+00
6.267876000000000000e+06,9.008257622810106113e+00
6.268812000000000000e+06,5.132373448949675954e+00
6.269748000000000000e+06,8.251742736942920819e-01
6.270680000000000000e+06,6.705054224842214694e+00
6.271616000000000000e+06,-3.293045809098018140e+00
6.272552000000000000e+06,6.726051901782556186e+00
6.273488000000000000e+06,1.000714181113236378e+01
6.274420000000000000e+06,-4.279410797326443472e+00
6.275356000000000000e+06,-3.210674268002097875e+00
6.276292000000000000e+06,-2.695368558845778306e+00
6.277228000000000000e+06,2.806553207375998227e+00
6.278164000000000000e+06,-2.489893941849428582e+00
6.279096000000000000e+06,1.137888351595880865e+00
6.280032000000000000e+06,1.156634952332690425e+00
6.280968000000000000e+06,1.282621013974738711e+00
6.281900000000000000e+06,-1.934843955015957961e+00
6.282836000000000000e+06,4.579574538319736376e+00
6.283772000000000000e+06,7.011646983671293576e+00
6.284708000000000000e+06,7.590932980775996874e+00
6.285640000000000000e+06,-1.126558025822217202e+00
6.286576000000000000e+06,-1.295171350883034700e+00
6.287512000000000000e+06,-2.039832339717664755e+00
6.288448000000000000e+06,1.938157233102852262e+00
6.289380000000000000e+06,5.671559820787956063e+00
6.290316000000000000e+06,6.518326208582673864e+00
6.291252000000000000e+06,5.256108434388192308e+00
6.292188000000000000e+06,-7.986122424635240247e-01
6.293120000000000000e+06,-1.934843955015957961e+00
6.294992000000000000e+06,-4.302902718895937340e-01
6.295928000000000000e+06,4.168625304327036929e+00
6.296860000000000000e+06,3.342856593472660176e+00
6.297796000000000000e+06,6.413969733419054187e+00
6.298732000000000000e+06,8.484230268381657281e-01
6.299668000000000000e+06,-4.223802904654101908e+00
6.300600000000000000e+06,-4.926513931725314266e-01
6.301536000000000000e+06,-3.418399961201980197e+00
6.302472000000000000e+06,1.093641921511666171e+00
6.303408000000000000e+06,3.072137869451753822e+00
6.304340000000000000e+06,5.274855035125001201e+00
6.305276000000000000e+06,4.085266506103757855e+00
6.306212000000000000e+06,3.282114638855167854e+00
6.307148000000000000e+06,-3.882949180089109165e-01
6.308080000000000000e+06,-4.058072565334902571e+00
6.309016000000000000e+06,3.421713239288875386e+00
6.309952000000000000e+06,1.525588832444707332e+00
6.310888000000000000e+06,6.219507329014744013e-01
6.311820000000000000e+06,6.833245970570530625e-01
6.312756000000000000e+06,5.363347895293430589e+00
6.313692000000000000e+06,9.524195241504511245e+00
6.314628000000000000e+06,-4.611503385502928154e+00
6.315560000000000000e+06,6.474079778498459170e+00
6.316496000000000000e+06,-2.594882326551135598e+00
6.317432000000000000e+06,-3.230052778276994108e+00
6.318368000000000000e+06,1.614081692613136720e+00
6.319300000000000000e+06,1.467097954030746942e+00
6.320236000000000000e+06,-2.384905557147721566e+00
6.321172000000000000e+06,-3.461027224620749632e+00
6.322108000000000000e+06,5.732301775405447941e+00
6.323040000000000000e+06,2.927405207072895976e+00
6.323976000000000000e+06,5.386596648437305568e+00
6.324912000000000000e+06,6.789044932603580662e+00
6.325848000000000000e+06,-1.150438688504177076e+00
6.326780000000000000e+06,1.901295941167320258e+00
6.327716000000000000e+06,-1.750998924498035958e+00
6.328652000000000000e+06,5.778799281693195233e+00
6.329588000000000000e+06,3.651068518967185206e+00
6.330520000000000000e+06,-2.284419324853078415e+00
6.331456000000000000e+06,-1.066447980742811552e+00
6.332392000000000000e+06,8.637052666494554387e+00
6.333328000000000000e+06,-3.953084180633195555e+00
6.334260000000000000e+06,-4.639254291053865664e+00
6.335196000000000000e+06,5.379843419826708661e+00
6.336132000000000000e+06,2.498341281881473641e+00
6.337068000000000000e+06,5.361096819089898879e+00
6.338000000000000000e+06,-1.706120584875734369e+00
6.338936000000000000e+06,4.579574538319736376e+00
6.339872000000000000e+06,-4.097816843012053845e+00
6.340808000000000000e+06,-3.768607240577187323e+00
6.341740000000000000e+06,-1.313917951619844038e+00
6.342676000000000000e+06,-2.842352297428168306e+00
6.343612000000000000e+06,4.937135950558939612e-01
6.344548000000000000e+06,-5.922469742188689601e+00
6.345480000000000000e+06,-1.119728730493568847e+01
6.346416000000000000e+06,3.261116961914826806e+00
6.347352000000000000e+06,-5.292539433978447505e+00
6.348288000000000000e+06,1.116890674655539595e+00
6.349220000000000000e+06,5.484831804528415233e+00
6.350156000000000000e+06,-4.387282167769769536e+00
6.351092000000000000e+06,5.853785684640432585e+00
6.352028000000000000e+06,-2.674370881905436814e+00
6.352960000000000000e+06,3.324109992735850838e+00
6.353896000000000000e+06,5.340099142149557387e+00
6.354832000000000000e+06,-2.450149664172277753e+00
6.355768000000000000e+06,5.386596648437305568e+00
6.356700000000000000e+06,3.674317272111058408e+00
6.357636000000000000e+06,-1.829855570314250945e+00
6.358572000000000000e+06,3.382600871149810562e+00
6.359508000000000000e+06,-2.826746237691173946e-01
6.360440000000000000e+06,1.116890674655539595e+00
6.361376000000000000e+06,-3.229420868738907213e+00
6.362312000000000000e+06,4.989891862774350706e+00
6.363248000000000000e+06,3.179377330356992992e+00
6.364180000000000000e+06,1.114639598452007663e+00
6.365116000000000000e+06,3.069855787963534088e-01
6.366052000000000000e+06,5.484831804528415233e+00
6.366988000000000000e+06,-2.081827693598347739e+00
6.367920000000000000e+06,-4.202805227713760416e+00
6.368856000000000000e+06,9.909046130134910868e-01
6.369792000000000000e+06,1.425102600150064180e+00
6.370728000000000000e+06,-5.294790510181979215e+00
6.371660000000000000e+06,-6.302153175350746039e+00
6.372596000000000000e+06,1.364360645532572303e+00
6.373532000000000000e+06,-3.712999347904846204e+00
6.374468000000000000e+06,5.400841096767050153e+00
6.375400000000000000e+06,5.508080557672288435e+00
6.376336000000000000e+06,3.858794212167066640e+00
6.377272000000000000e+06,1.485844554767556502e+00
6.378208000000000000e+06,-5.194304277887336063e+00
6.379140000000000000e+06,-1.129441011563835584e+00
6.380076000000000000e+06,1.198630306213373187e+00
6.381012000000000000e+06,-3.950833104429663845e+00
6.381948000000000000e+06,5.629564466907273079e+00
6.382880000000000000e+06,-1.634417907376653489e-01
6.383816000000000000e+06,-1.038513113287297074e+01
6.384752000000000000e+06,-2.984201974065406660e+00
6.385688000000000000e+06,-4.305542536211935278e+00
6.386620000000000000e+06,-2.720868388193184106e+00
6.387556000000000000e+06,-3.505273654704964770e+00
6.388492000000000000e+06,-1.418906336321551054e+00
6.389428000000000000e+06,6.239859366093941651e-02
6.390360000000000000e+06,-3.672972410685695355e-01
6.391296000000000000e+06,-3.107936959503923013e+00
6.392232000000000000e+06,-1.544892397963599562e+00
6.393168000000000000e+06,-3.915590979159577323e+00
6.394100000000000000e+06,-5.600119449934886084e+00
6.395036000000000000e+06,6.028520328773759651e+00
6.395972000000000000e+06,-2.119320895071965971e+00
6.396908000000000000e+06,-9.217153183639538172e-01
6.397840000000000000e+06,1.242876736297587881e+00
6.398776000000000000e+06,2.326310853872027296e-01
6.399712000000000000e+06,5.011521449252778204e+00
6.400648000000000000e+06,1.032899966894173849e+00
6.401580000000000000e+06,-6.958749339653490518e-01
6.402516000000000000e+06,1.116890674655539595e+00
6.403452000000000000e+06,-7.557617720934632466e+00
6.404388000000000000e+06,-1.937095031219489893e+00
6.405320000000000000e+06,-3.934337579896386661e+00
6.406256000000000000e+06,-4.883841276189279768e+00
6.407192000000000000e+06,-4.841845922308596784e+00
6.408128000000000000e+06,-4.302902718895937340e-01
6.409060000000000000e+06,-1.850221337716505543e+00
6.409996000000000000e+06,-4.553012507088968874e+00
6.410932000000000000e+06,-5.136490701128728631e-01
6.411868000000000000e+06,-4.097816843012053845e+00
6.412800000000000000e+06,-9.217153183639538172e-01
6.413736000000000000e+06,4.997908910461118737e+00
6.414672000000000000e+06,1.112237584674445579e+01
6.415608000000000000e+06,-1.440511605957417096e+01
6.416540000000000000e+06,-3.852597948338552847e+00
6.417476000000000000e+06,-1.442155089465424478e+00
6.418412000000000000e+06,-4.473523951734667214e+00
6.419348000000000000e+06,4.778499800607031722e-01
6.420280000000000000e+06,1.630577217146414348e+00
6.421216000000000000e+06,-4.981444522742303427e+00
6.422152000000000000e+06,1.383107246269381418e+00
6.423088000000000000e+06,-4.324289136948745060e+00
6.424020000000000000e+06,-1.282909086878027338e+01
6.424956000000000000e+06,-3.213557253743716924e+00
6.425892000000000000e+06,1.672572571027097110e+00
6.426828000000000000e+06,1.282621013974738711e+00
6.427760000000000000e+06,-1.066447980742811552e+00
6.428696000000000000e+06,1.486403776258370946e-01
6.429632000000000000e+06,4.539693173787431868e-01
6.430568000000000000e+06,3.732808150525018132e+00
6.431500000000000000e+06,-1.118828300012155985e+01
6.432436000000000000e+06,-6.820341870248684657e+00
6.433372000000000000e+06,-4.034823812191029369e+00
6.434308000000000000e+06,-2.102825370538689231e+00
6.435240000000000000e+06,-4.955343789141499755e-01
6.436176000000000000e+06,6.225826424395609626e-01
6.437112000000000000e+06,-3.481392992023004229e+00
6.438048000000000000e+06,-9.824572729814458061e-01
6.438980000000000000e+06,-3.108568869042009908e+00
6.439916000000000000e+06,1.469349030234279319e+00
6.440852000000000000e+06,5.571073588493312911e+00
6.441788000000000000e+06,1.075527230312943505e+00
6.442720000000000000e+06,6.413292431763701895e-01
6.443656000000000000e+06,-2.308299987535038511e+00
6.444592000000000000e+06,4.725926367364039926e+00
6.445528000000000000e+06,-1.152361392162893772e+01
6.446460000000000000e+06,-3.189676591061756383e+00
6.447396000000000000e+06,6.000769423222823029e+00
6.448332000000000000e+06,3.121196407415041119e-01
6.449268000000000000e+06,-2.201060526629799785e+00
6.450200000000000000e+06,-2.327046588271848293e+00
6.451136000000000000e+06,7.224369651961173311e-01
6.452072000000000000e+06,-7.462265550585139628e+00
6.453008000000000000e+06,1.282621013974738711e+00
6.453940000000000000e+06,-3.213557253743716924e+00
6.454876000000000000e+06,-3.663618855875480307e+00
6.455812000000000000e+06,-3.484275977764623278e+00
6.456748000000000000e+06,-2.224309279773672987e+00
6.457680000000000000e+06,3.592577640553224594e+00
6.458616000000000000e+06,-1.337166704763717462e+00
6.459552000000000000e+06,-1.038576304241105674e+01
6.460488000000000000e+06,-1.028077465770934928e+01
6.461420000000000000e+06,6.804416113154344581e-01
6.462356000000000000e+06,-1.832106646517782877e+00
6.463292000000000000e+06,6.009530559611330203e-01
6.464228000000000000e+06,9.504816731229615456e+00
6.465160000000000000e+06,1.883846553029878412e-01
6.466096000000000000e+06,-2.982582807399961844e+00
6.467032000000000000e+06,6.782291703992984644e+00
6.467968000000000000e+06,2.601078590379648947e+00
6.468900000000000000e+06,3.445593901970835038e+00
6.469836000000000000e+06,2.006284325869027274e+00
6.470772000000000000e+06,1.093641921511666171e+00
6.471708000000000000e+06,6.225826424395609626e-01
6.472640000000000000e+06,2.513776861240120120e-01
6.473576000000000000e+06,1.074895320774856833e+00
6.474512000000000000e+06,6.063762454043846617e+00
6.475448000000000000e+06,6.705054224842214694e+00
6.476380000000000000e+06,4.432590799737346821e+00
6.477316000000000000e+06,1.609579540206072856e+00
6.478252000000000000e+06,2.103887572422051377e+00
6.479188000000000000e+06,6.537072809319483646e+00
6.480120000000000000e+06,-8.344274063649944395e+00
6.481056000000000000e+06,4.663565246081101456e+00
6.481992000000000000e+06,9.466581829292763928e-01
6.482928000000000000e+06,1.008086439500342735e+01
6.483860000000000000e+06,-5.745484021851829937e+00
6.484796000000000000e+06,-5.870206264417704212e+00
6.485732000000000000e+06,5.610817866170464185e+00
6.486668000000000000e+06,8.389582695617521679e+00
6.487600000000000000e+06,-1.479016381400956703e+00
6.488536000000000000e+06,4.290109213562021573e+00
6.489472000000000000e+06,1.177632629273031695e+00
6.490408000000000000e+06,7.610311491050893551e+00
6.491340000000000000e+06,1.223022474420786665e+01
6.492276000000000000e+06,6.518958118120760759e+00
6.493212000000000000e+06,5.466085203791606340e+00
6.494148000000000000e+06,-2.422984365538802809e-01
6.495080000000000000e+06,-9.774473253367157000e+00
6.496016000000000000e+06,1.156634952332690425e+00
6.496952000000000000e+06,5.713555174668639047e+00
6.497888000000000000e+06,8.952017820599676767e+00
6.498820000000000000e+06,2.330359866358742593e+00
6.499756000000000000e+06,1.362109569329039926e+00
6.500692000000000000e+06,1.010249398148185485e+01
6.501628000000000000e+06,-5.313537110918788997e+00
6.502560000000000000e+06,1.959786819581280426e+00
6.503496000000000000e+06,-9.217153183639538172e-01
6.504432000000000000e+06,6.724432735117111370e+00
6.505368000000000000e+06,4.230631078020702596e+00
6.506300000000000000e+06,4.474586153618028916e+00
6.507236000000000000e+06,5.711304098465107337e+00
6.508172000000000000e+06,6.413337823880967292e+00
6.509108000000000000e+06,5.652813220051146281e+00
6.510040000000000000e+06,8.538817510403445610e+00
6.510976000000000000e+06,8.515568757259570631e+00
6.511912000000000000e+06,8.721043374255920355e+00
6.512848000000000000e+06,5.979771746282481537e+00
6.513780000000000000e+06,-3.066573515161327368e+00
6.514716000000000000e+06,1.324616367855421473e+00
6.515652000000000000e+06,2.846297485053149501e+00
6.516588000000000000e+06,8.555944944474809688e+00
6.517520000000000000e+06,6.600065840140508122e+00
6.518456000000000000e+06,1.262255246572483891e+00
6.519392000000000000e+06,5.856036760843964295e+00
6.520328000000000000e+06,6.174485804944103151e-01
6.521260000000000000e+06,3.504084780384795206e+00
6.522196000000000000e+06,8.352089494143905668e+00
6.523132000000000000e+06,2.846297485053149501e+00
6.524068000000000000e+06,-1.332664552356653598e+00
6.525000000000000000e+06,4.043271152223074871e+00
6.525936000000000000e+06,6.518326208582673864e+00
6.526872000000000000e+06,3.406481533831770658e+00
6.527808000000000000e+06,6.476962764240077775e+00
6.528740000000000000e+06,6.063762454043846617e+00
6.529676000000000000e+06,7.074008104954231158e+00
6.530612000000000000e+06,4.019390489541114775e+00
6.531548000000000000e+06,-2.159065172749116801e+00
6.532480000000000000e+06,-1.500645967879384868e+00
6.533416000000000000e+06,-7.268784305715003669e+00
6.534352000000000000e+06,1.555492917410380116e+01
6.535288000000000000e+06,1.667438509081946130e+00
6.536220000000000000e+06,1.464846877827215010e+00
6.537156000000000000e+06,6.000769423222823029e+00
6.538092000000000000e+06,7.053010428013889666e+00
6.539028000000000000e+06,-1.671510369143734520e+00
6.539960000000000000e+06,3.651068518967185206e+00
6.540896000000000000e+06,-1.458650613998701884e+00
6.541832000000000000e+06,5.671559820787956063e+00
6.542768000000000000e+06,1.425102600150064180e+00
6.543700000000000000e+06,-4.242549505390911690e+00
6.544636000000000000e+06,1.117522584193626267e+00
6.545572000000000000e+06,-2.994470097955708621e+00
6.546508000000000000e+06,3.940533843724900009e+00
6.547440000000000000e+06,1.464846877827215010e+00
6.548376000000000000e+06,3.464340502707644376e+00
6.549312000000000000e+06,1.043939475416222340e-01
6.550248000000000000e+06,2.723753630643534485e-01
6.551180000000000000e+06,-4.221551828450570198e+00
6.552116000000000000e+06,-3.276550284564741400e+00
6.553052000000000000e+06,2.889912005599277744e+00
6.553988000000000000e+06,1.488095630971088434e+00
6.554920000000000000e+06,1.177632629273031695e+00
6.555856000000000000e+06,-1.790111292637100115e+00
6.556792000000000000e+06,4.395097598263728145e+00
6.557728000000000000e+06,2.166880603243075853e+00
6.558660000000000000e+06,1.009651213750300647e+00
6.559596000000000000e+06,1.590832939469263518e+00
6.560532000000000000e+06,-2.737363912726461290e+00
6.561468000000000000e+06,-6.218794377127466966e+00
6.562400000000000000e+06,1.693570247967438602e+00
6.563336000000000000e+06,4.365199292413010634e-02
6.564272000000000000e+06,2.019896864660685853e+00
6.565208000000000000e+06,1.946174280789621625e+00
6.566140000000000000e+06,-3.563132623580838043e+00
6.567076000000000000e+06,-4.904838953129620371e+00
6.568012000000000000e+06,-3.479141915819472075e+00
6.568948000000000000e+06,3.401347471886619900e+00
6.569880000000000000e+06,-1.271922597739161276e+00
6.570816000000000000e+06,1.527839908648239264e+00
6.571752000000000000e+06,-6.320899776087555821e+00
6.572688000000000000e+06,-5.786847466194426026e+00
6.573620000000000000e+06,2.682818221937482317e+00
6.574556000000000000e+06,7.831789198136093200e-01
6.575492000000000000e+06,6.042764777103505125e+00
6.576428000000000000e+06,-6.538795800846662898e-01
6.577360000000000000e+06,2.721930590076546697e+00
6.578296000000000000e+06,1.906357315065199121e-01
6.579232000000000000e+06,-3.358289916122574770e+00
6.580168000000000000e+06,-1.544892397963599562e+00
6.581100000000000000e+06,5.669308744584424353e+00
6.582036000000000000e+06,-1.563638998700408900e+00
6.582972000000000000e+06,-1.358164381704058954e+00
6.583908000000000000e+06,-7.563383692417868787e+00
6.584840000000000000e+06,3.342856593472660176e+00
6.585776000000000000e+06,1.138520261133967759e+00
6.586712000000000000e+06,1.467097954030746942e+00
6.587648000000000000e+06,-4.841845922308596784e+00
6.588580000000000000e+06,-2.882096575105319136e+00
6.589516000000000000e+06,1.611830616409604788e+00
6.590452000000000000e+06,2.454094851797258947e+00
6.591388000000000000e+06,3.732808150525018132e+00
6.592320000000000000e+06,4.022273475282734267e+00
6.593256000000000000e+06,1.525588832444707332e+00
6.594192000000000000e+06,-3.271416222619590197e+00
6.595128000000000000e+06,-8.535882255977789157e-01
6.596060000000000000e+06,2.454094851797258947e+00
6.596996000000000000e+06,-5.831093896278641608e+00
6.597932000000000000e+06,-3.065552864510773801e-01
6.598868000000000000e+06,2.166880603243075853e+00
6.599800000000000000e+06,1.653825970290287772e+00
6.600736000000000000e+06,1.362109569329039926e+00
6.601672000000000000e+06,4.722056124495062512e+00
6.602608000000000000e+06,6.231743869566577665e+00
6.603540000000000000e+06,1.803692694614296155e+00
6.604476000000000000e+06,-7.722716150715744021e+00
6.605412000000000000e+06,-7.460014474381607918e+00
6.606348000000000000e+06,-7.355026089679901347e+00
6.607280000000000000e+06,-7.914578228920436054e+00
6.608216000000000000e+06,-7.973069107334396222e+00
6.609152000000000000e+06,-7.522375595664546388e+00
6.610088000000000000e+06,1.609579540206072856e+00
6.611020000000000000e+06,-7.170549149623892227e+00
6.611956000000000000e+06,4.539693173787431868e-01
6.612892000000000000e+06,4.313357966705894775e+00
6.613828000000000000e+06,-1.146932082463861802e-01
6.614760000000000000e+06,-8.839214005404011587e+00
6.615696000000000000e+06,-1.631963171956587644e+01
6.616632000000000000e+06,-1.217527989788807297e+01
6.617568000000000000e+06,-7.394138457818965726e+00
6.618500000000000000e+06,-3.355406930380955721e+00
6.619436000000000000e+06,-7.870331798836221360e+00
6.620372000000000000e+06,-4.137561120689204230e+00
6.621308000000000000e+06,-5.129060170862779877e+00
6.622240000000000000e+06,-4.302659550470316674e+00
6.623176000000000000e+06,-5.628502265023909601e+00
6.624112000000000000e+06,-6.304404251554277749e+00
6.625048000000000000e+06,-6.965074532627542503e+00
6.625980000000000000e+06,-3.768607240577187323e+00
6.626916000000000000e+06,-8.714847110427406562e+00
6.627852000000000000e+06,-6.328819031443249088e-01
6.628788000000000000e+06,-3.584130300521179091e+00
6.629720000000000000e+06,-3.626125654401862075e+00
6.630656000000000000e+06,-3.854849024542085001e+00
6.631592000000000000e+06,-3.829349195194679645e+00
6.632528000000000000e+06,-1.141412338452016506e+01
6.633460000000000000e+06,-5.192053201683804353e+00
6.634396000000000000e+06,-6.533127621694501563e+00
6.635332000000000000e+06,-1.009404664144981112e+01
6.636268000000000000e+06,-2.141222341846039967e+01
6.637200000000000000e+06,-1.912839853076740226e+01
6.638136000000000000e+06,-1.448685569113200344e+01
6.639072000000000000e+06,-1.265084132936724082e+01
6.640008000000000000e+06,-1.904665889920957156e+01
6.640940000000000000e+06,-1.869194946742729613e+01
6.641876000000000000e+06,-2.361719166033717698e+01
6.642812000000000000e+06,-2.279529319235177809e+01
6.643748000000000000e+06,-2.442646484665827700e+01
6.644680000000000000e+06,-2.792150784985093992e+01
6.645616000000000000e+06,-1.825711957075263925e+01
6.646552000000000000e+06,-2.994938428982039724e+01
6.647488000000000000e+06,-2.928421185634006818e+01
6.648420000000000000e+06,-2.872852995996851178e+01
6.649356000000000000e+06,-3.227520453139407408e+01
6.650292000000000000e+06,-5.236900784582756785e+01
6.651228000000000000e+06,-5.057660800460892858e+01
6.652160000000000000e+06,-5.158685365551931312e+01
6.653096000000000000e+06,-4.915829610544746231e+01
6.654032000000000000e+06,-4.404119183433289209e+01
6.654968000000000000e+06,-5.997703078829692913e+01
6.655900000000000000e+06,-7.814333781348514663e+01
6.656836000000000000e+06,-7.473112778054812111e+01
6.657772000000000000e+06,-8.302370166677270902e+01
6.658708000000000000e+06,-9.266646035939258752e+01
6.659640000000000000e+06,-4.196313251241764419e+01
6.660576000000000000e+06,-4.530675402342873070e+01
6.661512000000000000e+06,-5.428838100581560155e+01
6.662448000000000000e+06,-3.295849165607312159e+01
6.663380000000000000e+06,1.635357888894532508e+01
6.664316000000000000e+06,1.010895974044222783e+02
6.665252000000000000e+06,2.696350241446378959e+02
6.666188000000000000e+06,3.157982182425915880e+02
6.667120000000000000e+06,3.095265970873474544e+02
6.668056000000000000e+06,3.007026833965931019e+02
6.668992000000000000e+06,2.568300674149429597e+02
6.669928000000000000e+06,1.601112255169427101e+02
6.670860000000000000e+06,7.662669522261022337e+01
6.671796000000000000e+06,1.548391909559600599e+01
6.672732000000000000e+06,-2.829046172996295638e+01
6.673668000000000000e+06,-5.630211907902577906e+01
6.674600000000000000e+06,-5.134912598056497046e+01
6.675536000000000000e+06,-2.990288678353265084e+01
6.676472000000000000e+06,-1.312253251797743303e+01
6.677408000000000000e+06,-1.748115938756417131e+00
6.678340000000000000e+06,9.115497083715343507e+00
6.679276000000000000e+06,6.252741546506919157e+00
6.680212000000000000e+06,1.045558424659868280e+01
6.681148000000000000e+06,-9.869594253885100033e-01
6.682080000000000000e+06,-5.576238787252925100e+00
6.683016000000000000e+06,1.842805062753360312e+00
6.683952000000000000e+06,-4.302659550470316674e+00
6.684888000000000000e+06,6.063762454043846617e+00
6.685820000000000000e+06,-4.155675811887927118e+00
6.686756000000000000e+06,-1.332032642818566925e+00
6.687692000000000000e+06,1.506842231707897772e+00
6.688628000000000000e+06,-1.645805215527551546e-02
6.689560000000000000e+06,5.011521449252778204e+00
6.690496000000000000e+06,-6.076312790952141718e+00
6.691432000000000000e+06,-3.189676591061756383e+00
6.692368000000000000e+06,-8.220539078211428929e+00
6.693300000000000000e+06,-4.407647935172024134e+00
6.694236000000000000e+06,-7.786341091074856280e+00
6.695172000000000000e+06,-1.108266270588176816e+01
6.696108000000000000e+06,-6.593869576311993441e+00
6.697040000000000000e+06,-2.616769468287760136e-01
6.697976000000000000e+06,3.159011562954738395e+00
6.698912000000000000e+06,3.735059226728550730e+00
6.699848000000000000e+06,-3.334409253440614229e+00
6.700780000000000000e+06,-4.594375951431564964e+00
6.701716000000000000e+06,-6.486630115406755159e+00
6.702652000000000000e+06,2.106770558163669982e+00
6.703588000000000000e+06,1.221372921967458858e+01
6.704520000000000000e+06,6.061511377840314019e+00
6.705456000000000000e+06,-9.614595960411044251e-01
6.706392000000000000e+06,-3.854849024542085001e+00
6.707328000000000000e+06,-1.250924920798820006e+00
6.708260000000000000e+06,-3.005199651005748152e+00
6.709196000000000000e+06,7.673153048184186975e-01
6.710132000000000000e+06,-1.937095031219489893e+00
6.711068000000000000e+06,1.695821324170970534e+00
6.712000000000000000e+06,6.126755484864871093e+00
6.712936000000000000e+06,6.598446673475062418e+00
6.713872000000000000e+06,-4.240298429187379092e+00
6.714808000000000000e+06,-2.686258172461184035e+00
6.715740000000000000e+06,4.062017752959884653e+00
6.716676000000000000e+06,3.009144838630729790e+00
6.717612000000000000e+06,6.082509054780655511e+00
6.718548000000000000e+06,7.463176278780772055e-01
6.719480000000000000e+06,2.721930590076546697e+00
6.720416000000000000e+06,4.336035499764883117e-01
6.721352000000000000e+06,-2.038179779529025182e-01
6.722288000000000000e+06,5.421838773707391645e+00
6.723220000000000000e+06,2.456345928000791101e+00
6.724156000000000000e+06,1.219627983153714679e+00
6.725092000000000000e+06,5.524576082205566507e+00
6.726028000000000000e+06,-7.769826559850959713e-01
6.726960000000000000e+06,6.009530559611330203e-01
6.727896000000000000e+06,3.240119284974485314e+00
6.728832000000000000e+06,3.737310302932082440e+00
6.729768000000000000e+06,-1.029586688807279327e+00
6.730700000000000000e+06,6.558070486259825138e+00
6.731636000000000000e+06,-1.874102000398465639e+00
6.732572000000000000e+06,3.938592722993375927e-01
6.733508000000000000e+06,-1.253674255828094175e+01
6.734440000000000000e+06,-5.481518526441520045e+00
6.735376000000000000e+06,-2.779359266607143830e+00
6.736312000000000000e+06,-3.397402284261638705e+00
6.737248000000000000e+06,-3.108568869042009908e+00
6.738180000000000000e+06,-3.953084180633195555e+00
6.739116000000000000e+06,-7.250037704978193887e+00
6.740052000000000000e+06,-3.605127977461520583e+00
6.740988000000000000e+06,6.846903901479453936e+00
6.741920000000000000e+06,6.239859366093941651e-02
6.742856000000000000e+06,-1.828203010125611094e-01
6.743792000000000000e+06,-5.982716874123249484e-01
6.744728000000000000e+06,2.082889895481709885e+00
6.745660000000000000e+06,2.998415285580689815e+00
6.746596000000000000e+06,-3.768607240577187323e+00
6.747532000000000000e+06,2.116334084468613208e-01
6.748468000000000000e+06,-3.650006317083822172e+00
6.749400000000000000e+06,-3.995079534513878539e+00
6.750336000000000000e+06,-4.223802904654101908e+00
6.751272000000000000e+06,6.845284734814009120e+00
6.752208000000000000e+06,5.384345572233772081e+00
6.753140000000000000e+06,-2.737363912726461290e+00
6.754076000000000000e+06,-5.458269773297646843e+00
6.755012000000000000e+06,-1.580134523233686084e+00
6.755948000000000000e+06,1.611830616409604788e+00
6.756880000000000000e+06,1.527839908648239264e+00
6.757816000000000000e+06,2.190761265925035950e+00
6.758752000000000000e+06,-1.829855570314250945e+00
6.759688000000000000e+06,1.219627983153714679e+00
6.760620000000000000e+06,7.666833952803321361e-01
6.761556000000000000e+06,-3.852597948338552847e+00
6.762492000000000000e+06,-1.540390245556535476e+00
6.763428000000000000e+06,6.987766320989333479e+00
6.764360000000000000e+06,-1.475883823422908314e+01
6.765296000000000000e+06,2.019971940946463929e-01
6.766232000000000000e+06,4.372480754657941837e+00
6.767168000000000000e+06,-1.502897044082916800e+00
6.768100000000000000e+06,3.590326564349692884e+00
6.769036000000000000e+06,-1.811108969577441385e+00
6.769972000000000000e+06,-6.929919482237303363e-01
6.770908000000000000e+06,-1.622129877114368846e+00
6.771840000000000000e+06,-6.341897453027897313e+00
6.772776000000000000e+06,-1.355913305500527022e+00
6.773712000000000000e+06,-5.229546403157423029e+00
6.774648000000000000e+06,-7.128553795743209243e+00
6.775580000000000000e+06,1.815054157202422580e+00
6.776516000000000000e+06,-2.139686662474221457e+00
6.777452000000000000e+06,-4.055189579593283966e+00
6.778388000000000000e+06,-3.523388345903686769e+00
6.779320000000000000e+06,-3.518886193496622461e+00
6.780256000000000000e+06,-5.273792833241637723e+00
6.781192000000000000e+06,2.043777527342645950e+00
6.782128000000000000e+06,6.103506731720997003e+00
6.783060000000000000e+06,2.701564822674291655e+00
6.783996000000000000e+06,2.288996422016146504e+00
6.784932000000000000e+06,-4.240298429187379092e+00
6.785868000000000000e+06,3.909762865577189883e-01
6.786800000000000000e+06,7.526320783289527583e+00
6.787736000000000000e+06,2.516455973080196973e+00
6.788672000000000000e+06,7.526320783289527583e+00
6.789608000000000000e+06,8.641554818901619583e+00
6.790540000000000000e+06,1.156634952332690425e+00
6.791476000000000000e+06,3.074388945655285976e+00
6.792412000000000000e+06,4.959646712594260043e-01
6.793348000000000000e+06,6.497328531642332372e+00
6.794280000000000000e+06,-1.622129877114368846e+00
6.795216000000000000e+06,8.694207037785071090e-01
6.796152000000000000e+06,1.756563278788462634e+00
6.797088000000000000e+06,-2.408154310291595213e+00
6.798020000000000000e+06,1.861335790994557149e-01
6.798956000000000000e+06,5.013140615918223908e+00
6.799892000000000000e+06,6.413337823880967292e+00
6.800828000000000000e+06,3.795801181346042164e+00
6.801760000000000000e+06,1.276427006854957136e-01
6.802696000000000000e+06,1.074895320774856833e+00
6.803632000000000000e+06,5.987019797576009772e-01
6.804568000000000000e+06,-1.477397214735511222e+00
6.805500000000000000e+06,1.245381405240293837e+01
6.806436000000000000e+06,5.361096819089898879e+00
6.807372000000000000e+06,1.179883705476563627e+00
6.808308000000000000e+06,5.629564466907273079e+00
6.809240000000000000e+06,7.434346421364587121e-01
6.810176000000000000e+06,6.207863206884616680e+00
6.811112000000000000e+06,5.592071265433654403e+00
6.812048000000000000e+06,1.219627983153714679e+00
6.812980000000000000e+06,3.590326564349692884e+00
6.813916000000000000e+06,6.147753161805212585e+00
6.814852000000000000e+06,-3.147681237181073843e+00
6.815788000000000000e+06,-3.852597948338552847e+00
6.816720000000000000e+06,2.745179343220419899e+00
6.817656000000000000e+06,4.848042186137110576e+00
6.818592000000000000e+06,5.218615232914573632e+00
6.819528000000000000e+06,-5.944371600847819792e-04
6.820460000000000000e+06,-4.910322265070858339e-01
6.821396000000000000e+06,-4.286795935475126385e+00
6.822332000000000000e+06,5.547824835349439709e+00
6.823268000000000000e+06,-3.672972410685695355e-01
6.824200000000000000e+06,-3.332158177237082519e+00
6.825136000000000000e+06,8.439208744311013088e-01
6.826072000000000000e+06,-1.274805583480780102e+00
6.827008000000000000e+06,3.198123931093802330e+00
6.827940000000000000e+06,1.156634952332690425e+00
6.828876000000000000e+06,5.571073588493312911e+00
6.829812000000000000e+06,2.082889895481709885e+00
6.830748000000000000e+06,-3.108568869042009908e+00
6.831680000000000000e+06,5.652813220051146281e+00
6.832616000000000000e+06,-2.226560355977205141e+00
6.833552000000000000e+06,-3.768607240577187323e+00
6.834488000000000000e+06,-7.376023766620242839e+00
6.835420000000000000e+06,-2.639760666173436743e+00
6.836356000000000000e+06,7.666833952803321361e-01
6.837292000000000000e+06,1.463893014223050515e-01
6.838228000000000000e+06,5.634066619314337387e+00
6.839160000000000000e+06,1.345614044795762965e+00
6.840096000000000000e+06,8.910502902569350514e-01
6.841032000000000000e+06,-5.975826558657498566e+00
6.841968000000000000e+06,-7.641608428695998434e+00
6.842900000000000000e+06,1.672572571027097110e+00
6.843836000000000000e+06,1.950676433196685933e+00
6.844772000000000000e+06,3.143707169450362660e-01
6.845708000000000000e+06,-9.135432558772322409e+00
6.846640000000000000e+06,-2.636877680431818582e+00
6.847576000000000000e+06,1.836051834142763850e+00
6.848516000000000000e+06,-2.350295341415721495e+00
6.849448000000000000e+06,5.652813220051146281e+00
6.850380000000000000e+06,5.176619879033891536e+00
6.851316000000000000e+06,6.061511377840314019e+00
6.852252000000000000e+06,-2.779359266607143830e+00
6.853188000000000000e+06,3.588075488146160730e+00
6.854120000000000000e+06,-1.213431719325201330e+00
6.855056000000000000e+06,9.120479671972764324e-01
6.855992000000000000e+06,-5.684110157696251164e+00
6.856928000000000000e+06,-2.429151987231936261e+00
6.857860000000000000e+06,-3.542766856178583001e+00
6.858796000000000000e+06,-2.779359266607143830e+00
6.859732000000000000e+06,1.527839908648239264e+00
6.860668000000000000e+06,-1.850853247254592215e+00
6.861600000000000000e+06,1.467097954030746942e+00
6.862536000000000000e+06,3.609073165086502222e+00
6.863472000000000000e+06,3.633941084895821128e+00
6.864408000000000000e+06,-1.257648683595809125e+01
6.865340000000000000e+06,-1.600392857435220151e+01
6.866276000000000000e+06,8.723036895201257135e-01
6.867212000000000000e+06,-7.273286458122067089e+00
6.868148000000000000e+06,-7.334028412739559855e+00
6.869080000000000000e+06,-2.240172894768863721e+00
6.870024000000000000e+06,1.569835262528922026e+00
6.870952000000000000e+06,1.837671000808209554e+00
6.871888000000000000e+06,-3.485506403317601976e-01
6.872820000000000000e+06,5.587569113026590095e+00
6.873756000000000000e+06,-6.017190003000094656e+00
6.874692000000000000e+06,-1.095462705369922185e+00
6.875628000000000000e+06,1.095892997715198103e+00
6.876560000000000000e+06,-6.717604561750510683e+00
6.877496000000000000e+06,-4.323657227410658166e+00
6.878432000000000000e+06,1.177632629273031695e+00
6.879368000000000000e+06,-2.261802481247291663e+00
6.880300000000000000e+06,-5.271541757038106013e+00
6.881236000000000000e+06,8.431578049498204663e+00
6.882172000000000000e+06,1.716187091573225354e+00
6.883108000000000000e+06,-3.565383699784369753e+00
6.884976000000000000e+06,-3.273667298823122351e+00
6.885912000000000000e+06,-4.904838953129620371e+00
6.886848000000000000e+06,-4.967831983950644847e+00
6.887780000000000000e+06,-2.905345328249192338e+00
6.888716000000000000e+06,-3.978584009980601355e+00
6.889652000000000000e+06,1.177632629273031695e+00
6.890588000000000000e+06,8.041765967539507010e-01
6.891528000000000000e+06,6.558070486259825138e+00
6.892456000000000000e+06,4.061385843421797759e+00
6.893392000000000000e+06,8.280572594359107974e-01
6.894328000000000000e+06,5.134624525153208552e+00
6.895260000000000000e+06,-1.992071014353744340e+00
6.896196000000000000e+06,1.404104923209722910e+00
6.897132000000000000e+06,3.879791889107408132e+00
6.898068000000000000e+06,3.219121608034143822e+00
6.899000000000000000e+06,5.508080557672288435e+00
6.899936000000000000e+06,-4.860592523045405677e+00
6.900872000000000000e+06,-1.292920274679502768e+00
6.901808000000000000e+06,1.861551663490169650e+00
6.902740000000000000e+06,2.678732106572891958e-01
6.903676000000000000e+06,-9.427129953042951982e-01
6.904612000000000000e+06,6.623314593284381324e+00
6.905548000000000000e+06,-1.818494107726124298e+00
6.906480000000000000e+06,3.342856593472660176e+00
6.907416000000000000e+06,9.489092591328083248e-01
6.908352000000000000e+06,2.643073944260331487e+00
6.909288000000000000e+06,1.177632629273031695e+00
6.910220000000000000e+06,1.467097954030746942e+00
6.911156000000000000e+06,3.014278900575880549e+00
6.912092000000000000e+06,5.136875601356740262e+00
6.913032000000000000e+06,2.595944528434498189e+00
6.913960000000000000e+06,6.186865529944276076e+00
6.914896000000000000e+06,9.771033302843456170e+00
6.915832000000000000e+06,-4.466770723124070308e+00
6.916768000000000000e+06,1.653825970290287772e+00
6.917700000000000000e+06,5.505829481468756725e+00
6.918636000000000000e+06,7.666833952803321361e-01
6.919572000000000000e+06,2.313864341825465409e+00
6.920508000000000000e+06,6.413337823880967292e+00
6.921440000000000000e+06,-5.165320558544914675e-01
6.922376000000000000e+06,2.432465265318831449e+00
6.923312000000000000e+06,-3.953084180633195555e+00
6.924248000000000000e+06,9.196604805735091759e+00
6.925180000000000000e+06,8.681299096578770857e+00
6.926116000000000000e+06,6.063762454043846617e+00
6.927052000000000000e+06,-2.224309279773672987e+00
6.927988000000000000e+06,2.468755337169477593e-01
6.928920000000000000e+06,3.585192502404542125e+00
6.929856000000000000e+06,-4.242549505390911690e+00
6.930792000000000000e+06,4.742421891897317998e+00
6.931728000000000000e+06,8.412831448761396658e+00
6.932660000000000000e+06,5.424089849910923355e+00
6.933596000000000000e+06,5.916778715461457061e+00
6.934536000000000000e+06,5.008638463511159600e+00
6.935468000000000000e+06,4.947896508893667722e+00
6.936400000000000000e+06,6.432084424617776186e+00
6.937336000000000000e+06,-1.313917951619844038e+00
6.938272000000000000e+06,-2.285051234391165309e+00
6.939208000000000000e+06,-6.612647182333490914e-01
6.940140000000000000e+06,-2.760612665870334492e+00
6.941076000000000000e+06,-2.779359266607143830e+00
6.942012000000000000e+06,5.879285513987838385e+00
6.942948000000000000e+06,1.901295941167320258e+00
6.943880000000000000e+06,8.640922909363533577e+00
6.944816000000000000e+06,-1.076597230354073531e+01
6.945752000000000000e+06,1.900038219684334062e-01
6.946688000000000000e+06,5.397958111025431549e+00
6.947620000000000000e+06,4.719173138753443908e+00
6.948556000000000000e+06,-4.242549505390911690e+00
6.950428000000000000e+06,-3.894593302219235831e+00
6.951360000000000000e+06,1.486403776258370946e-01
6.952296000000000000e+06,5.092629171272525568e+00
6.953232000000000000e+06,5.384345572233772081e+00
6.954168000000000000e+06,3.011395914834261944e+00
6.955100000000000000e+06,7.434346421364587121e-01
6.956044000000000000e+06,2.022147940864218008e+00
6.956972000000000000e+06,2.309362189418401101e+00
6.957908000000000000e+06,-1.934843955015957961e+00
6.958840000000000000e+06,1.611830616409604788e+00
6.959776000000000000e+06,5.340099142149557387e+00
6.960712000000000000e+06,1.754312202584930480e+00
6.961648000000000000e+06,-3.044943928682898537e+00
6.962580000000000000e+06,-6.328819031443249088e-01
6.963516000000000000e+06,1.134533324540144150e+01
6.964452000000000000e+06,5.956522993138606559e+00
6.965388000000000000e+06,1.443217291348787068e+00
6.966320000000000000e+06,3.569328887409351392e+00
6.967256000000000000e+06,1.839922077011741486e+00
6.968192000000000000e+06,2.826918974778253713e+00
6.969128000000000000e+06,8.389582695617521679e+00
6.970060000000000000e+06,7.043222739973944435e-01
6.970996000000000000e+06,1.177632629273031695e+00
6.971932000000000000e+06,1.177632629273031695e+00
6.972868000000000000e+06,7.050759351810357956e+00
6.973800000000000000e+06,1.240794845565327797e+01
6.974736000000000000e+06,4.040388166481456267e+00
6.975672000000000000e+06,3.011395914834261944e+00
6.976608000000000000e+06,1.219627983153714679e+00
6.977548000000000000e+06,1.180515615014650521e+00
6.978476000000000000e+06,7.549569536433400785e+00
6.979412000000000000e+06,-3.545017932382115156e+00
6.980348000000000000e+06,1.486403776258370946e-01
6.981280000000000000e+06,-7.292033058858876871e+00
6.982216000000000000e+06,-8.281281032828919919e+00
6.983152000000000000e+06,6.291853914645982648e+00
6.984088000000000000e+06,-6.042334484758227653e+00
6.985020000000000000e+06,1.669689585285478506e+00
6.985956000000000000e+06,5.426340926114455065e+00
6.986892000000000000e+06,5.794662896688385523e+00
6.987828000000000000e+06,-1.685122907935393100e+00
6.988760000000000000e+06,6.560321562463356848e+00
6.989696000000000000e+06,5.550075911552971419e+00
6.990632000000000000e+06,1.673869783626464325e-01
6.991568000000000000e+06,5.115877924416398770e+00
6.992500000000000000e+06,1.798558632669145618e+00
6.993436000000000000e+06,-2.408786219829681219e+00
6.994372000000000000e+06,-4.470640965993047722e+00
6.995308000000000000e+06,-2.900211266304041136e+00
6.996240000000000000e+06,5.239612909854915124e+00
6.997176000000000000e+06,1.656639043447302728e-03
6.998112000000000000e+06,-3.213557253743716924e+00
6.999052000000000000e+06,-3.927970704159751136e-01
6.999980000000000000e+06,-4.613754461706459864e+00
7.000916000000000000e+06,-4.674496416323951742e+00
7.001852000000000000e+06,3.963782596868773656e+00
7.002788000000000000e+06,4.805414922718341586e+00
7.003720000000000000e+06,4.660682260339483740e+00
7.004656000000000000e+06,4.581825614523268975e+00
7.005592000000000000e+06,1.677074723434160974e+00
7.006528000000000000e+06,2.313864341825465409e+00
7.007460000000000000e+06,-1.790111292637100115e+00
7.008396000000000000e+06,5.711304098465107337e+00
7.009332000000000000e+06,3.527333533528668408e+00
7.010268000000000000e+06,8.641554818901619583e+00
7.011200000000000000e+06,3.030142515571071282e+00
7.012136000000000000e+06,1.051646567630983409e+00
7.013072000000000000e+06,1.839922077011741486e+00
7.014008000000000000e+06,4.027407537227884582e+00
7.015876000000000000e+06,-2.406535143626149509e+00
7.016812000000000000e+06,5.958774069342140045e+00
7.017748000000000000e+06,3.735059226728550730e+00
7.018680000000000000e+06,-1.871219014656847035e+00
7.019616000000000000e+06,1.282621013974738711e+00
7.020556000000000000e+06,7.136369226237169627e+00
7.021488000000000000e+06,5.568190602751694307e+00
7.022420000000000000e+06,3.795801181346042164e+00
7.023356000000000000e+06,1.447043511135473182e+01
7.024292000000000000e+06,-3.334409253440614229e+00
7.025228000000000000e+06,-3.356038839919042616e+00
7.026160000000000000e+06,2.723753630643534485e-01
7.027096000000000000e+06,-1.618226240722197007e-01
7.028032000000000000e+06,-3.315662652703804891e+00
7.028968000000000000e+06,7.666833952803321361e-01
7.029900000000000000e+06,1.282621013974738711e+00
7.030836000000000000e+06,3.527333533528668408e+00
7.031772000000000000e+06,3.116384299535968960e+00
7.032708000000000000e+06,1.193625726704308576e+01
7.033640000000000000e+06,4.269111536621680081e+00
7.034576000000000000e+06,5.732301775405447941e+00
7.035512000000000000e+06,-3.088063626546095342e-01
7.036448000000000000e+06,2.537453650020538465e+00
7.037380000000000000e+06,2.252459472385198724e-01
7.038316000000000000e+06,-1.647629706461774646e+00
7.039252000000000000e+06,-1.643127554054710338e+00
7.040188000000000000e+06,-2.077325541191283431e+00
7.041120000000000000e+06,1.672572571027097110e+00
7.042064000000000000e+06,3.506335856588327360e+00
7.042992000000000000e+06,5.176619879033891536e+00
7.043928000000000000e+06,-2.755478603925183290e+00
7.044860000000000000e+06,6.471828702294927460e+00
7.045796000000000000e+06,4.959646712594260043e-01
7.046732000000000000e+06,4.250364935884870299e+00
7.047668000000000000e+06,6.040513700899972527e+00
7.048600000000000000e+06,6.700552072435151274e+00
7.049536000000000000e+06,-7.147300396480019025e+00
7.050472000000000000e+06,4.124378874242822235e+00
7.051408000000000000e+06,3.098685645379719578e-01
7.052340000000000000e+06,-1.934843955015957961e+00
7.053276000000000000e+06,8.704547849722644060e+00
7.054212000000000000e+06,-2.429151987231936261e+00
7.055148000000000000e+06,4.765670645041191200e+00
7.056080000000000000e+06,7.876810722206735171e-01
7.057016000000000000e+06,-6.036568513274990444e+00
7.057952000000000000e+06,-4.347537890092618262e+00
7.058888000000000000e+06,1.527839908648239264e+00
7.059820000000000000e+06,-1.292920274679502768e+00
7.060756000000000000e+06,-5.334534787859130489e+00
7.061692000000000000e+06,-3.745358487433314121e+00
7.062628000000000000e+06,-6.323782761829174426e+00
7.063568000000000000e+06,-6.328916823774324740e+00
7.064496000000000000e+06,-9.002693268519678327e+00
7.065432000000000000e+06,3.198123931093802330e+00
7.066368000000000000e+06,4.042639242684988865e+00
7.067300000000000000e+06,3.198123931093802330e+00
7.068236000000000000e+06,5.340099142149557387e+00
7.069172000000000000e+06,3.098685645379719578e-01
7.070108000000000000e+06,-3.587013286262798140e+00
7.071040000000000000e+06,-4.407647935172024134e+00
7.071976000000000000e+06,-4.286795935475126385e+00
7.072912000000000000e+06,-4.139812196892735940e+00
7.073848000000000000e+06,6.826538134077199338e+00
7.074780000000000000e+06,3.424596225030493546e+00
7.075716000000000000e+06,-2.387788542889340171e+00
7.076652000000000000e+06,-2.471779250650705695e+00
7.077588000000000000e+06,-1.460901690202234038e+00
7.078520000000000000e+06,1.587949953727644692e+00
7.079456000000000000e+06,3.093135546392095314e+00
7.080392000000000000e+06,-4.653498739383611138e+00
7.081328000000000000e+06,1.527839908648239264e+00
7.082260000000000000e+06,-8.076438325370657978e+00
7.083196000000000000e+06,1.080029382720007591e+00
7.084132000000000000e+06,5.799553790207916393e-01
7.085072000000000000e+06,2.042482702981784637e-01
7.086000000000000000e+06,4.539830260642585991e+00
7.086936000000000000e+06,-4.387282167769769536e+00
7.087872000000000000e+06,-2.264053557450823817e+00
7.088808000000000000e+06,-3.915590979159577323e+00
7.089740000000000000e+06,-3.479141915819472075e+00
7.090676000000000000e+06,-5.189802125480272643e+00
7.091612000000000000e+06,3.443342825767302884e+00
7.092548000000000000e+06,5.547824835349439709e+00
7.093480000000000000e+06,-5.747735098055361647e+00
7.094416000000000000e+06,8.881673045153163359e-01
7.095352000000000000e+06,-9.455959810459138026e-01
7.096288000000000000e+06,-2.079576617394815141e+00
7.097220000000000000e+06,-3.770858316780719477e+00
7.098156000000000000e+06,-9.882959325119550220e-02
7.099092000000000000e+06,-3.518886193496622461e+00
7.100028000000000000e+06,-2.661790992358401553e-01
7.100960000000000000e+06,-4.778852891487572307e+00
7.101896000000000000e+06,4.381057023835525088e-01
7.102832000000000000e+06,-3.850346872135021137e+00
7.103768000000000000e+06,-3.461027224620749632e+00
7.104700000000000000e+06,-4.492270552471476108e+00
7.105636000000000000e+06,1.253916244819636150e-01
7.106576000000000000e+06,7.224369651961173311e-01
7.107508000000000000e+06,6.406973336382837392e-01
7.108440000000000000e+06,2.785555530435657179e+00
7.109376000000000000e+06,9.489092591328083248e-01
7.110312000000000000e+06,2.866663252455404542e+00
7.111248000000000000e+06,5.198453339413859897e-01
7.112180000000000000e+06,-5.520630894580584425e+00
7.113116000000000000e+06,-3.045575838220985876e+00
7.114052000000000000e+06,8.937773372269932182e+00
7.114988000000000000e+06,-7.358896332548878760e+00
7.115920000000000000e+06,-4.426394535908833028e+00
7.116856000000000000e+06,-3.747609563636846275e+00
7.117792000000000000e+06,-1.500645967879384868e+00
7.118728000000000000e+06,2.910909682539619237e+00
7.119660000000000000e+06,1.486403776258370946e-01
7.120596000000000000e+06,-2.489893941849428582e+00
7.121532000000000000e+06,-2.513774604531388235e+00
7.122468000000000000e+06,3.938592722993375927e-01
7.123400000000000000e+06,-4.406028768506578430e+00
7.124336000000000000e+06,-5.768100865457617132e+00
7.125272000000000000e+06,6.804416113154344581e-01
7.126208000000000000e+06,-2.695368558845778306e+00
7.127140000000000000e+06,3.361603194209469514e+00
7.128084000000000000e+06,-1.769113615696758623e+00
7.129012000000000000e+06,-4.207307380120824725e+00
7.129948000000000000e+06,7.854299960171414741e-01
7.130880000000000000e+06,-4.986578584687454629e+00
7.131816000000000000e+06,-2.842352297428168306e+00
7.132752000000000000e+06,-4.473523951734667214e+00
7.133688000000000000e+06,-3.768607240577187323e+00
7.134620000000000000e+06,1.024884581052615928e+01
7.135556000000000000e+06,1.611830616409604788e+00
7.136492000000000000e+06,-6.925330254950391229e+00
7.137428000000000000e+06,-4.741991599552041414e+00
7.138360000000000000e+06,-2.018834662777323707e+00
7.139296000000000000e+06,-3.726611886696504783e+00
7.140232000000000000e+06,8.484230268381657281e-01
7.141168000000000000e+06,-9.212038128385005464e+00
7.142100000000000000e+06,-2.182313925892990447e+00
7.143036000000000000e+06,-8.386269417530627379e+00
7.143972000000000000e+06,-6.055315114011800226e+00
7.144908000000000000e+06,-5.339036940266193909e+00
7.145840000000000000e+06,1.883846553029878412e-01
7.146776000000000000e+06,-8.572997433790169097e+00
7.147712000000000000e+06,-2.345161279470570737e+00
7.148648000000000000e+06,-8.141050522857128158e+00
7.149588000000000000e+06,-5.894086927099665196e+00
7.150516000000000000e+06,-5.689244219641402367e+00
7.151452000000000000e+06,-4.923585553866430153e+00
7.152388000000000000e+06,-4.757855214547230815e+00
7.153320000000000000e+06,-2.427532820566491001e+00
7.154256000000000000e+06,-1.647629706461774646e+00
7.155192000000000000e+06,-6.507627792347096651e+00
7.156128000000000000e+06,-8.698983495432218049e+00
7.157060000000000000e+06,-7.788592167278387990e+00
7.157996000000000000e+06,-1.275582971406894828e+01
7.158932000000000000e+06,-1.244599862190897888e+01
7.159868000000000000e+06,-1.273483203712860679e+01
7.160800000000000000e+06,-1.007980219312006653e+01
7.161736000000000000e+06,-8.425381785669690871e+00
7.162672000000000000e+06,-8.075806415832571972e+00
7.163608000000000000e+06,-2.075506803266683775e+01
7.164540000000000000e+06,-1.815564608133063729e+01
7.165476000000000000e+06,-1.974193939601483549e+01
7.166412000000000000e+06,-1.013829307153402581e+01
7.167348000000000000e+06,-1.551873092852081726e+01
7.168280000000000000e+06,-1.238237368154986662e+01
7.169216000000000000e+06,-1.312928574658802994e+01
7.170152000000000000e+06,-2.073280653665032602e+01
7.171092000000000000e+06,-1.873331291176989666e+01
7.172020000000000000e+06,-1.323202305508620569e+01
7.172956000000000000e+06,-2.066981350582930332e+01
7.173892000000000000e+06,-1.863120751280980514e+01
7.174828000000000000e+06,-1.588705289909474772e+01
7.175760000000000000e+06,-1.805227686329437375e+01
7.176696000000000000e+06,-2.839995226707173259e+01
7.177632000000000000e+06,-2.386402972167612546e+01
7.178568000000000000e+06,-1.992578442653275772e+01
7.179500000000000000e+06,-2.547933776098743053e+01
7.180436000000000000e+06,-2.425623235493201690e+01
7.181372000000000000e+06,-2.567904640650054304e+01
7.182308000000000000e+06,-3.530432231745978555e+01
7.183240000000000000e+06,-2.765979343064416440e+01
7.184176000000000000e+06,-4.363150641941636820e+01
7.185112000000000000e+06,-3.802846651136186296e+01
7.186048000000000000e+06,-5.175483507104204506e+01
7.186980000000000000e+06,-5.566983161304153782e+01
7.187916000000000000e+06,-4.491518329971093237e+01
7.188852000000000000e+06,-1.796586459895113208e+01
7.189788000000000000e+06,-9.927684392592523110e+00
7.190720000000000000e+06,-2.535335169934538158e+01
7.191656000000000000e+06,-1.560272163628218323e+01
7.192596000000000000e+06,2.597470799508677430e+01
7.193528000000000000e+06,6.099058971729420620e+01
7.194460000000000000e+06,1.254399555830056130e+02
7.195396000000000000e+06,1.360538475583967966e+02
7.196332000000000000e+06,1.711604732169762144e+02
7.197268000000000000e+06,1.621681166815392885e+02
7.198200000000000000e+06,1.623917059897343336e+02
7.199136000000000000e+06,1.397178592342395689e+02
7.200072000000000000e+06,1.046809798350918044e+02
7.201008000000000000e+06,6.754186950256543298e+01
7.201940000000000000e+06,3.662771233861703735e+01
7.202876000000000000e+06,8.367953109139095957e+00
7.203812000000000000e+06,-5.495231049210458352e-01
7.204748000000000000e+06,-7.786973000612941398e+00
7.205680000000000000e+06,-9.212670037923091471e+00
7.206616000000000000e+06,-4.261296106127720584e+00
7.207552000000000000e+06,-5.352786565913006944e-01
7.208488000000000000e+06,1.345614044795762965e+00
7.209420000000000000e+06,5.239612909854915124e+00
7.210356000000000000e+06,5.340099142149557387e+00
7.211292000000000000e+06,4.211252567745806807e+00
7.212228000000000000e+06,5.302605940675939600e+00
7.213160000000000000e+06,-1.703869508672202437e+00
7.214100000000000000e+06,-1.165997418873175206e+01
7.215032000000000000e+06,5.382094496030240371e+00
7.215968000000000000e+06,6.763545103256174862e+00
7.216900000000000000e+06,1.775309879525271972e+00
7.217836000000000000e+06,-2.261802481247291663e+00
7.218772000000000000e+06,-3.437146561938789535e+00
7.219708000000000000e+06,-9.249531329858623252e+00
7.220640000000000000e+06,-1.114691955577896465e+01
7.221576000000000000e+06,-6.491764177351905474e+00
7.222512000000000000e+06,-7.786973000612941398e+00
7.223448000000000000e+06,-1.654610401350256765e+01
7.224380000000000000e+06,-4.883841276189279768e+00
7.225316000000000000e+06,-5.683478248158165158e+00
7.226252000000000000e+06,1.490346707174620589e+00
7.227188000000000000e+06,-3.500139592759813567e+00
7.228120000000000000e+06,-2.779359266607143830e+00
7.229056000000000000e+06,-3.992828458310346385e+00
7.229992000000000000e+06,-3.002948574802215997e+00
7.230928000000000000e+06,2.933730400046948295e-01
7.231860000000000000e+06,-4.286795935475126385e+00
7.232796000000000000e+06,-3.976332933777069645e+00
7.233732000000000000e+06,-8.652485989144471645e+00
7.234668000000000000e+06,1.598218077617946431e+00
7.235604000000000000e+06,-6.197164790649039467e+00
7.236536000000000000e+06,1.527839908648239264e+00
7.237472000000000000e+06,-2.408786219829681219e+00
7.238408000000000000e+06,-4.118182610414308442e+00
7.239340000000000000e+06,-3.479141915819472075e+00
7.240276000000000000e+06,6.219507329014744013e-01
7.241212000000000000e+06,-4.407647935172024134e+00
7.242148000000000000e+06,-3.768607240577187323e+00
7.243080000000000000e+06,-5.683423937051268471e-02
7.244016000000000000e+06,1.396638478321606947e+01
7.244952000000000000e+06,5.836658250569068507e+00
7.245888000000000000e+06,1.278118861567674402e+00
7.246820000000000000e+06,2.868914328658936252e+00
7.247756000000000000e+06,1.035151043097706225e+00
7.248692000000000000e+06,5.484831804528415233e+00
7.249628000000000000e+06,4.700426538016635014e+00
7.250560000000000000e+06,5.916778715461457061e+00
7.251496000000000000e+06,-1.809489802911995682e+00
7.252432000000000000e+06,-2.490525851387515033e+00
7.253368000000000000e+06,5.361096819089898879e+00
7.254300000000000000e+06,2.971651637157111558e+00
7.255236000000000000e+06,-4.323657227410658166e+00
7.256172000000000000e+06,-7.168726109056904328e-01
7.257108000000000000e+06,-4.492270552471476108e+00
7.258040000000000000e+06,1.303618690915080203e+00
7.258976000000000000e+06,3.361603194209469514e+00
7.259912000000000000e+06,-7.588679647863733058e-01
7.260848000000000000e+06,5.134624525153208552e+00
7.261780000000000000e+06,1.156634952332690425e+00
7.262716000000000000e+06,-3.769239150115274661e+00
7.263652000000000000e+06,6.577448996534720926e+00
7.264588000000000000e+06,1.401853847006190756e+00
7.265520000000000000e+06,-3.853229857876640185e+00
7.266456000000000000e+06,5.545573759145907999e+00
7.267392000000000000e+06,8.276436106319431940e-02
7.268328000000000000e+06,6.594439343750930771e-01
7.269260000000000000e+06,1.072644244571324679e+00
7.270196000000000000e+06,2.537453650020538465e+00
7.271132000000000000e+06,1.032899966894173849e+00
7.272068000000000000e+06,-3.398034193799725156e+00
7.273000000000000000e+06,-3.587013286262798140e+00
7.273936000000000000e+06,6.826926875189665012e-01
7.274872000000000000e+06,-3.663618855875480307e+00
7.275808000000000000e+06,-6.192693643526663294e-01
7.276740000000000000e+06,2.703183989339736915e+00
7.277676000000000000e+06,-3.031963299429327741e+00
7.278612000000000000e+06,-4.181807550773418924e+00
7.279548000000000000e+06,5.568190602751694307e+00
7.280480000000000000e+06,2.208875957123758393e+00
7.281416000000000000e+06,5.669308744584424353e+00
7.282352000000000000e+06,-4.302902718895937340e-01
7.283288000000000000e+06,-3.768607240577187323e+00
7.284220000000000000e+06,7.036903644593079932e-01
7.285156000000000000e+06,1.275235875826056020e+00
7.286092000000000000e+06,-2.327046588271848293e+00
7.287028000000000000e+06,3.569328887409351392e+00
7.287960000000000000e+06,2.303800091836706310e-01
7.288896000000000000e+06,1.177632629273031695e+00
7.289832000000000000e+06,5.610817866170464185e+00
7.290768000000000000e+06,8.484230268381657281e-01
7.291700000000000000e+06,6.219507329014744013e-01
7.292636000000000000e+06,-4.302902718895937340e-01
7.293572000000000000e+06,-4.783986953432723510e+00
7.294508000000000000e+06,-2.369041942152530833e+00
7.295440000000000000e+06,-1.583594715882946957e+01
7.296376000000000000e+06,1.177632629273031695e+00
7.297312000000000000e+06,-6.797725026642897461e+00
7.298248000000000000e+06,-1.395657583177677852e+00
7.299180000000000000e+06,4.329716404384018058e-01
7.300116000000000000e+06,3.051140192511412774e+00
7.301052000000000000e+06,4.084634596565670961e+00
7.301988000000000000e+06,-3.684616532815821799e+00
7.302920000000000000e+06,-1.211812552659755848e+00
7.303856000000000000e+06,-4.818597169164723582e+00
7.304792000000000000e+06,1.219627983153714679e+00
7.305728000000000000e+06,2.271868987944782869e+00
7.306660000000000000e+06,1.116890674655539595e+00
7.307596000000000000e+06,-2.863349974368509798e+00
7.308532000000000000e+06,-3.313411576500273181e+00
7.309468000000000000e+06,1.175381553069499541e+00
7.310400000000000000e+06,-4.490019476267944398e+00
7.311336000000000000e+06,-3.521769179238241954e+00
7.312272000000000000e+06,1.467097954030746942e+00
7.313208000000000000e+06,-2.018834662777323707e+00
7.314140000000000000e+06,-8.111314425573576958e-01
7.315076000000000000e+06,-1.697055970471646091e+01
7.316012000000000000e+06,3.261116961914826806e+00
7.316948000000000000e+06,-4.286795935475126385e+00
7.317880000000000000e+06,-7.726231045995449520e+00
7.318816000000000000e+06,1.035151043097706225e+00
7.319752000000000000e+06,6.594439343750930771e-01
7.320688000000000000e+06,-3.539883870436963953e+00
7.321620000000000000e+06,-1.376910982440868292e+00
7.322556000000000000e+06,-4.408279844710111028e+00
7.323492000000000000e+06,-2.458133318335853079e-01
7.324428000000000000e+06,-4.240298429187379092e+00
7.325360000000000000e+06,1.506842231707897772e+00
7.326296000000000000e+06,4.599940305721991862e+00
7.327232000000000000e+06,-4.344654904350999658e+00
7.328168000000000000e+06,4.476205320283475508e+00
7.329100000000000000e+06,3.728615953589962118e-01
7.330036000000000000e+06,1.219627983153714679e+00
7.330972000000000000e+06,-4.469021799327602906e+00
7.331908000000000000e+06,3.879159979569321681e+00
7.332840000000000000e+06,5.524576082205566507e+00
7.333776000000000000e+06,-3.976964843315156539e+00
7.334712000000000000e+06,-5.442406158302455665e+00
7.335648000000000000e+06,5.589577020804502583e-01
7.336580000000000000e+06,-2.366790865948998679e+00
7.337516000000000000e+06,9.489092591328083248e-01
7.338452000000000000e+06,-8.014952282051426291e-01
7.339388000000000000e+06,3.816166948748297649e+00
7.340320000000000000e+06,1.043939475416222340e-01
7.341256000000000000e+06,-4.160809873833077432e+00
7.342192000000000000e+06,-9.478470572494459567e-01
7.343128000000000000e+06,-2.303797835127974203e+00
7.344060000000000000e+06,-1.282190721629462571e+00
7.344996000000000000e+06,-2.768629713557103855e+00
7.345932000000000000e+06,-2.225645786897117728e-01
7.346868000000000000e+06,-3.542766856178583001e+00
7.347800000000000000e+06,-3.936588656099918815e+00
7.348736000000000000e+06,1.448351353293937827e+00
7.349672000000000000e+06,-4.100067919215585555e+00
7.350608000000000000e+06,9.114160576591898710e-01
7.351540000000000000e+06,-2.819103544284294660e+00
7.352476000000000000e+06,-3.089822268305200570e+00
7.353412000000000000e+06,-5.913465437374560985e+00
7.354348000000000000e+06,-4.135310044485672520e+00
7.355280000000000000e+06,2.889912005599277744e+00
7.356216000000000000e+06,4.959646712594260043e-01
7.357152000000000000e+06,-5.683423937051268471e-02
7.358088000000000000e+06,-5.982716874123249484e-01
7.359020000000000000e+06,-2.182313925892990447e+00
7.359956000000000000e+06,-4.221551828450570198e+00
7.360892000000000000e+06,-1.955841631956299231e+00
7.361828000000000000e+06,-4.986578584687454629e+00
7.362760000000000000e+06,-4.447392212849174520e+00
7.363696000000000000e+06,-6.918577026339795211e+00
7.364632000000000000e+06,-6.222309272407171576e+00
7.365568000000000000e+06,-8.900587869559588583e+00
7.366500000000000000e+06,-5.376530141739813473e+00
7.367436000000000000e+06,-1.104418224728079068e+01
7.368372000000000000e+06,-8.221170987749514936e+00
7.369308000000000000e+06,7.036903644593079932e-01
7.370240000000000000e+06,5.176619879033891536e+00
7.371176000000000000e+06,-3.276550284564741400e+00
7.372112000000000000e+06,-5.397527818680154965e+00
7.373048000000000000e+06,1.077146396978388987e+00
7.373980000000000000e+06,1.261623337034397441e+00
7.374916000000000000e+06,-4.816346092961190983e+00
7.375852000000000000e+06,5.799553790207916393e-01
7.376788000000000000e+06,-1.937095031219489893e+00
7.377720000000000000e+06,-7.441267873644799025e+00
7.378656000000000000e+06,-1.580134523233686084e+00
7.379592000000000000e+06,-7.625744813700807256e+00
7.380528000000000000e+06,-1.500645967879384868e+00
7.381460000000000000e+06,-4.368535567032959754e+00
7.382396000000000000e+06,3.713429640250122343e+00
7.383332000000000000e+06,7.880398305533712566e+00
7.384268000000000000e+06,5.564320359882716893e+00
7.385200000000000000e+06,-1.550673755639460438e+01
7.386136000000000000e+06,-4.347537890092618262e+00
7.387072000000000000e+06,-3.768607240577187323e+00
7.388008000000000000e+06,-3.623874578198329477e+00
7.388940000000000000e+06,7.666833952803321361e-01
7.389876000000000000e+06,-3.398034193799725156e+00
7.390812000000000000e+06,-3.539883870436963953e+00
7.391748000000000000e+06,1.282621013974738711e+00
7.392680000000000000e+06,2.082889895481709885e+00
7.393616000000000000e+06,-7.868080722632689650e+00
7.394552000000000000e+06,-1.571656046387178041e+00
7.395488000000000000e+06,4.987640786570818996e+00
7.396420000000000000e+06,-3.663618855875480307e+00
7.397356000000000000e+06,-2.408786219829681219e+00
7.398292000000000000e+06,8.881673045153163359e-01
7.399228000000000000e+06,-1.481899367142575308e+00
7.400160000000000000e+06,-7.210293427301043501e+00
7.401096000000000000e+06,-2.900843175842128030e+00
7.402032000000000000e+06,-1.748115938756417131e+00
7.402968000000000000e+06,2.948402884013237468e+00
7.403900000000000000e+06,-1.611907145341331393e-01
7.404836000000000000e+06,-4.279410797326443472e+00
7.405772000000000000e+06,-7.376023766620242839e+00
7.406708000000000000e+06,-1.332664552356653598e+00
7.407640000000000000e+06,3.468842655114708684e+00
7.408576000000000000e+06,-1.748115938756417131e+00
7.409512000000000000e+06,9.114160576591898710e-01
7.410448000000000000e+06,-3.292413899559931689e+00
7.411380000000000000e+06,-3.995079534513878539e+00
7.412316000000000000e+06,-4.492270552471476108e+00
7.413252000000000000e+06,-3.334409253440614229e+00
7.414188000000000000e+06,-8.012813385011547496e+00
7.415120000000000000e+06,-8.714847110427406562e+00
7.416056000000000000e+06,3.340605517269128022e+00
7.416992000000000000e+06,-2.618762989233095251e+00
7.417928000000000000e+06,-8.281281032828919919e+00
7.418860000000000000e+06,2.310981356083846805e+00
7.419796000000000000e+06,-4.387282167769769536e+00
7.420732000000000000e+06,-3.587013286262798140e+00
7.421668000000000000e+06,-6.386775792650198902e+00
7.422600000000000000e+06,-3.065552864510773801e-01
7.423536000000000000e+06,8.482577708193018040e+00
7.424472000000000000e+06,-1.295171350883034700e+00
7.425408000000000000e+06,1.486403776258370946e-01
7.426340000000000000e+06,-3.663618855875480307e+00
7.427276000000000000e+06,-5.376530141739813473e+00
7.428212000000000000e+06,-8.304529785972794897e+00
7.429148000000000000e+06,2.536287623275441105e-01
7.430080000000000000e+06,1.590201029931177068e+00
7.431016000000000000e+06,-9.189421284779218269e+00
7.431952000000000000e+06,5.606315713763399877e+00
7.432888000000000000e+06,3.793550105142510454e+00
7.433820000000000000e+06,-1.793205677313556379e+01
7.434756000000000000e+06,3.009144838630729790e+00
7.435692000000000000e+06,3.550582286672542054e+00
7.436628000000000000e+06,-3.915590979159577323e+00
7.437560000000000000e+06,-4.923585553866430153e+00
7.438496000000000000e+06,-8.510004402969144621e+00
7.439432000000000000e+06,-7.558084010732196711e-02
7.440368000000000000e+06,-4.118814519952395337e+00
7.441300000000000000e+06,-5.647248865760719383e+00
7.442236000000000000e+06,-3.997962520255498031e+00
7.443172000000000000e+06,-2.761244575408421387e+00
7.444108000000000000e+06,-4.781735877229190912e+00
7.445040000000000000e+06,-3.508156640446582930e+00
7.445976000000000000e+06,-2.510891618789770074e+00
7.446912000000000000e+06,-7.317532888206281783e+00
7.447848000000000000e+06,-3.071075667568391676e+00
7.448780000000000000e+06,-4.265798258534784893e+00
7.449716000000000000e+06,-8.451097487512710948e-01
7.450652000000000000e+06,2.643073944260331487e+00
7.451588000000000000e+06,-5.352786565913006944e-01
7.452520000000000000e+06,-1.790111292637100115e+00
7.453456000000000000e+06,-2.018834662777323707e+00
7.454392000000000000e+06,-4.347537890092618262e+00
7.455328000000000000e+06,-7.847083045692348158e+00
7.456260000000000000e+06,-3.462995641282280990e-01
7.457196000000000000e+06,2.265431598378869760e-02
7.458132000000000000e+06,-8.323276386709602903e+00
7.459068000000000000e+06,-4.963329831543581427e+00
7.460000000000000000e+06,-8.367522816793819374e+00
7.460936000000000000e+06,-3.768607240577187323e+00
7.461872000000000000e+06,5.799553790207916393e-01
7.462808000000000000e+06,-1.313917951619844038e+00
7.463740000000000000e+06,-1.354536904252588059e+01
7.464676000000000000e+06,-4.427026445446919922e+00
7.465612000000000000e+06,6.091513359594784127e+00
7.466548000000000000e+06,-4.967831983950644847e+00
7.467480000000000000e+06,-4.097816843012053845e+00
7.468416000000000000e+06,1.114639598452007663e+00
7.469352000000000000e+06,-4.410530920913642738e+00
7.470288000000000000e+06,-1.626632029521433154e+00
7.471220000000000000e+06,-4.097816843012053845e+00
7.472156000000000000e+06,-4.387282167769769536e+00
7.473092000000000000e+06,-5.334534787859130489e+00
7.474028000000000000e+06,-4.053570412927839151e+00
7.474960000000000000e+06,-1.180984091305576200e+01
7.475896000000000000e+06,-8.302278709769261411e+00
7.476832000000000000e+06,-1.118828300012155985e+01
7.477768000000000000e+06,-3.437146561938789535e+00
7.478700000000000000e+06,-7.147300396480019025e+00
7.479636000000000000e+06,-8.923204713165375779e+00
7.480572000000000000e+06,-1.318420104026908346e+00
7.481508000000000000e+06,-8.222790154414962416e+00
7.482440000000000000e+06,-5.024071786161073305e+00
7.483376000000000000e+06,-1.658809936738325064e+01
7.484312000000000000e+06,-3.168047004583328885e+00
7.485248000000000000e+06,-1.215365031140964369e+01
7.486180000000000000e+06,-7.683603782576680530e+00
7.487116000000000000e+06,-4.800482477966000694e+00
7.488052000000000000e+06,-8.036062138155420698e+00
7.488988000000000000e+06,-4.676115582989398334e+00
7.489920000000000000e+06,-1.019903502615151680e+01
7.490856000000000000e+06,-4.468389889789516012e+00
7.491792000000000000e+06,-8.944202390105717271e+00
7.492728000000000000e+06,-7.807338768015196884e+00
7.493660000000000000e+06,-7.639357352492465836e+00
7.494596000000000000e+06,-2.737363912726461290e+00
7.495532000000000000e+06,-1.923788906787617137e+01
7.496468000000000000e+06,-3.229420868738907213e+00
7.497400000000000000e+06,-3.292413899559931689e+00
7.498336000000000000e+06,-3.108568869042009908e+00
7.499272000000000000e+06,-4.387282167769769536e+00
7.500208000000000000e+06,-1.500645967879384868e+00
7.501140000000000000e+06,-1.022228377929539178e+01
7.502076000000000000e+06,-8.386269417530627379e+00
7.503012000000000000e+06,-5.231797479360955627e+00
7.503948000000000000e+06,-1.256685062160587485e+01
7.504880000000000000e+06,-6.531508455029056748e+00
7.505816000000000000e+06,-1.162248098725813250e+01
7.506752000000000000e+06,-9.233035805325346956e+00
7.507688000000000000e+06,-6.365778115709857410e+00
7.508620000000000000e+06,-3.768607240577187323e+00
7.509556000000000000e+06,-4.734606461403357613e+00
7.510492000000000000e+06,-1.408249471318783197e-01
7.511428000000000000e+06,-8.715479019965494345e+00
7.512360000000000000e+06,-6.405522393387007796e+00
7.513296000000000000e+06,6.292485824184069543e+00
7.514232000000000000e+06,1.977133024217011745e-02
7.515168000000000000e+06,-2.237289909027244672e+00
7.516100000000000000e+06,-5.607504588083568997e+00
7.517036000000000000e+06,-5.087064816982097781e+00
7.517972000000000000e+06,-8.818216328463670095e+00
7.518908000000000000e+06,-4.986578584687454629e+00
7.519840000000000000e+06,-5.481518526441520045e+00
7.520776000000000000e+06,-7.292033058858876871e+00
7.521712000000000000e+06,-3.131817622185883554e+00
7.522648000000000000e+06,-5.544511557262544521e+00
7.523580000000000000e+06,9.923151103370997816e+00
7.524516000000000000e+06,1.754312202584930480e+00
7.525452000000000000e+06,4.495583830558370408e+00
7.526388000000000000e+06,3.590326564349692884e+00
7.527320000000000000e+06,3.445593901970835038e+00
7.528256000000000000e+06,-2.366790865948998679e+00
7.529192000000000000e+06,-1.647629706461774646e+00
7.530128000000000000e+06,-6.923079178746859519e+00
7.531060000000000000e+06,-1.075471692252307498e+01
7.531996000000000000e+06,-4.034823812191029369e+00
7.532932000000000000e+06,-4.092925949492522975e-01
7.533868000000000000e+06,1.185226655928171979e+01
7.534800000000000000e+06,3.408100700497216362e+00
7.535736000000000000e+06,6.015849654992195816e-01
7.536672000000000000e+06,-5.323956708496822010e-01
7.537608000000000000e+06,9.301626583959990979e-01
7.538540000000000000e+06,3.916653181042939913e+00
7.539476000000000000e+06,-3.876630084708244106e-01
7.540412000000000000e+06,-6.141353024075156819e-01
7.541348000000000000e+06,-3.542134946640496551e+00
7.542280000000000000e+06,-3.066573515161327368e+00
7.543216000000000000e+06,-4.778852891487572307e+00
7.544152000000000000e+06,-5.010459247369414726e+00
7.545088000000000000e+06,-1.416566313638390717e+01
7.546020000000000000e+06,-3.808351518254338153e+00
7.546956000000000000e+06,1.219627983153714679e+00
7.547892000000000000e+06,7.666833952803321361e-01
7.548828000000000000e+06,1.611830616409604788e+00
7.549760000000000000e+06,4.927530741491412236e+00
7.550696000000000000e+06,2.745179343220419899e+00
7.551632000000000000e+06,6.645779963202437246e-01
7.552568000000000000e+06,-1.408249471318783197e-01
7.553500000000000000e+06,1.404104923209722910e+00
7.554436000000000000e+06,-4.304910626673849272e+00
7.555372000000000000e+06,-6.270425945360364572e+00
7.556308000000000000e+06,-4.218668842708951594e+00
7.557240000000000000e+06,-6.452019899674755088e+00
7.558176000000000000e+06,-4.652866829845524244e+00
7.559112000000000000e+06,-4.471272875531134616e+00
7.560048000000000000e+06,-4.965580907747113137e+00
7.560980000000000000e+06,4.140091672059803551e-02
7.561916000000000000e+06,-2.471147341112619245e+00
7.562852000000000000e+06,3.879791889107408132e+00
7.563788000000000000e+06,-1.305204826743726088e+01
7.564720000000000000e+06,-3.316294562241892230e+00
7.565656000000000000e+06,4.892920525759412165e+00
7.566592000000000000e+06,5.692557497728297555e+00
7.567528000000000000e+06,-4.200554151510228706e+00
7.568460000000000000e+06,2.303800091836706310e-01
7.569396000000000000e+06,5.400841096767050153e+00
7.570332000000000000e+06,-1.647629706461774646e+00
7.571268000000000000e+06,3.324109992735850838e+00
7.572200000000000000e+06,1.114639598452007663e+00
7.573136000000000000e+06,-5.194304277887336063e+00
7.574072000000000000e+06,-6.496898239297055788e+00
7.575008000000000000e+06,-5.339036940266193909e+00
7.575940000000000000e+06,-4.673864506785865736e+00
7.576876000000000000e+06,5.382094496030240371e+00
7.577812000000000000e+06,-2.038179779529025182e-01
7.578748000000000000e+06,1.404104923209722910e+00
7.579680000000000000e+06,5.340099142149557387e+00
7.580616000000000000e+06,5.337848065946025677e+00
7.581552000000000000e+06,-4.034823812191029369e+00
7.582488000000000000e+06,-3.107936959503923013e+00
7.583420000000000000e+06,-2.514761861658747488e+00
7.584356000000000000e+06,1.030648890690641917e+00
7.585292000000000000e+06,-1.005706026125319452e+00
7.586228000000000000e+06,4.959646712594260043e-01
7.587160000000000000e+06,-4.492270552471476108e+00
7.588096000000000000e+06,-2.947340682129875322e+00
7.589032000000000000e+06,5.029636140451501092e+00
7.589968000000000000e+06,-1.440535922799978996e+00
7.590900000000000000e+06,6.826538134077199338e+00
7.591836000000000000e+06,5.281608263735598108e+00
7.592772000000000000e+06,8.391833771821055166e+00
7.593708000000000000e+06,2.577197927697688851e+00
7.594640000000000000e+06,-7.795345395888984896e+00
7.595576000000000000e+06,1.467097954030746942e+00
7.596512000000000000e+06,-2.458133318335853079e-01
7.597448000000000000e+06,3.734427317190463835e+00
7.598380000000000000e+06,4.847410276599024570e+00
7.599316000000000000e+06,3.938592722993375927e-01
7.600252000000000000e+06,5.260610586795256616e+00
7.601188000000000000e+06,-2.488274775183982879e+00
7.602120000000000000e+06,1.754312202584930480e+00
7.603056000000000000e+06,5.858287837047496893e+00
7.603992000000000000e+06,1.151500890387539666e+00
7.605860000000000000e+06,2.064775204282987442e+00
7.606796000000000000e+06,-2.513774604531388235e+00
7.607732000000000000e+06,-3.747609563636846275e+00
7.608668000000000000e+06,5.508080557672288435e+00
7.609600000000000000e+06,1.051646567630983409e+00
7.610536000000000000e+06,1.422851523946532248e+00
7.611472000000000000e+06,8.186359154824705442e+00
7.612408000000000000e+06,1.443849200886873740e+00
7.613340000000000000e+06,9.240851235819304677e+00
7.614276000000000000e+06,-4.926468539608048758e+00
7.615212000000000000e+06,9.862409148753506827e+00
7.616148000000000000e+06,5.713555174668639047e+00
7.617080000000000000e+06,-2.038179779529025182e-01
7.618016000000000000e+06,1.611830616409604788e+00
7.618952000000000000e+06,3.879791889107408132e+00
7.619888000000000000e+06,4.145376551183163727e+00
7.620820000000000000e+06,2.601078590379648947e+00
7.621756000000000000e+06,6.495077455438800662e+00
7.622692000000000000e+06,3.179377330356992992e+00
7.623628000000000000e+06,6.453082101558117678e+00
7.624560000000000000e+06,-6.820341870248684657e+00
7.625496000000000000e+06,7.434346421364587121e-01
7.626432000000000000e+06,-2.429783896770022711e+00
7.627368000000000000e+06,2.866663252455404542e+00
7.628300000000000000e+06,4.495583830558370408e+00
7.629236000000000000e+06,1.404104923209722910e+00
7.630172000000000000e+06,1.901295941167320258e+00
7.631108000000000000e+06,-3.915590979159577323e+00
7.632040000000000000e+06,-7.807970677553282890e+00
7.632976000000000000e+06,-4.242549505390911690e+00
7.633912000000000000e+06,-1.321971882438432999e-02
7.634848000000000000e+06,1.024947772006424529e+01
7.635780000000000000e+06,1.983035572725153850e+00
7.636716000000000000e+06,5.379600251401088773e-01
7.637652000000000000e+06,8.280572594359107974e-01
7.638588000000000000e+06,4.724307200698594222e+00
7.639520000000000000e+06,-4.347537890092618262e+00
7.640456000000000000e+06,-1.853104323458124147e+00
7.641392000000000000e+06,6.826926875189665012e-01
7.642328000000000000e+06,-4.324289136948745060e+00
7.643260000000000000e+06,1.569835262528922026e+00
7.644196000000000000e+06,4.745936787177022609e+00
7.645132000000000000e+06,-2.284419324853078415e+00
7.646068000000000000e+06,-4.345286813889086552e+00
7.647000000000000000e+06,-4.639254291053865664e+00
7.647936000000000000e+06,2.043145617804559055e+00
7.648872000000000000e+06,-4.589873799024499768e+00
7.649808000000000000e+06,1.883846553029878412e-01
7.650740000000000000e+06,-1.071497264484592371e+01
7.651676000000000000e+06,3.324109992735850838e+00
7.652612000000000000e+06,1.422219614408445798e+00
7.653548000000000000e+06,8.859162283117840708e-01
7.654480000000000000e+06,-7.620610751755656942e+00
7.655416000000000000e+06,-5.768732774995703139e+00
7.656352000000000000e+06,-2.924091928986001676e+00
7.657288000000000000e+06,-1.689625060342457408e+00
7.658220000000000000e+06,-2.038179779529025182e-01
7.659156000000000000e+06,-3.621623501994797767e+00
7.660092000000000000e+06,-1.643127554054710338e+00
7.661028000000000000e+06,-1.355913305500527022e+00
7.661960000000000000e+06,-4.262915272793166288e+00
7.662896000000000000e+06,-2.369041942152530833e+00
7.663832000000000000e+06,-4.852662550238485695e-01
7.664768000000000000e+06,6.685675714567318906e+00
7.665700000000000000e+06,-1.609991265423978035e+01
7.666636000000000000e+06,-8.715479019965494345e+00
7.667572000000000000e+06,-4.202805227713760416e+00
7.668508000000000000e+06,3.361603194209469514e+00
7.669440000000000000e+06,3.179377330356992992e+00
7.671312000000000000e+06,-1.077796567566694819e+01
7.672248000000000000e+06,-3.335041162978701124e+00
7.673180000000000000e+06,1.303618690915080203e+00
7.674116000000000000e+06,-2.224309279773672987e+00
7.675052000000000000e+06,-1.666376307198583762e+00
7.675988000000000000e+06,-6.452019899674755088e+00
7.676920000000000000e+06,-4.955343789141499755e-01
7.677856000000000000e+06,-5.953887016707063440e-01
7.678792000000000000e+06,-2.513774604531388235e+00
7.679728000000000000e+06,-4.618256614113525060e+00
7.680660000000000000e+06,3.795801181346042164e+00
7.681596000000000000e+06,-3.726611886696504783e+00
7.682532000000000000e+06,1.383107246269381418e+00
7.683468000000000000e+06,5.711304098465107337e+00
7.684400000000000000e+06,-9.606491837844426840e+00
7.685336000000000000e+06,-8.820467404667201805e+00
7.686272000000000000e+06,-1.416655260118019122e+00
7.687208000000000000e+06,-7.599613074815315450e+00
7.688140000000000000e+06,-7.810221753756815488e+00
7.689076000000000000e+06,-5.087064816982097781e+00
7.690012000000000000e+06,-3.663618855875480307e+00
7.690948000000000000e+06,-7.086558441862527147e+00
7.691880000000000000e+06,-3.894593302219235831e+00
7.692816000000000000e+06,-9.333522037619987444e+00
7.693752000000000000e+06,-7.725599136457363514e+00
7.694688000000000000e+06,-1.115367278438956156e+01
7.695620000000000000e+06,-1.049300250331629769e+01
7.696556000000000000e+06,-1.057474213487413017e+01
7.697492000000000000e+06,-1.358164381704058954e+00
7.698428000000000000e+06,1.072644244571324679e+00
7.699360000000000000e+06,-2.099942384797070183e+00
7.700296000000000000e+06,-5.294790510181979215e+00
7.701232000000000000e+06,-4.429277521650451632e+00
7.702168000000000000e+06,-1.226152168185297064e+01
7.703100000000000000e+06,-7.436133811699648710e+00
7.704036000000000000e+06,-3.172848395011173550e-01
7.704972000000000000e+06,-6.527638212160078446e+00
7.705908000000000000e+06,-3.542134946640496551e+00
7.706840000000000000e+06,-3.997330610717410693e+00
7.707776000000000000e+06,-1.120864876752381711e+01
7.708712000000000000e+06,-1.547673557464013427e+01
7.709648000000000000e+06,-7.975320183537928820e+00
7.710580000000000000e+06,-1.242725202117216909e+01
7.711516000000000000e+06,-7.702350383313490312e+00
7.712452000000000000e+06,-1.209354026633023871e+01
7.713388000000000000e+06,-2.207676394240263917e+01
7.714320000000000000e+06,-1.860732685012784771e+01
7.715256000000000000e+06,-1.574457131291942247e+01
7.716192000000000000e+06,-1.108266270588176816e+01
7.717128000000000000e+06,-1.999391151929893340e+01
7.718060000000000000e+06,-1.939623426904669046e+01
7.718996000000000000e+06,-1.844447949655026520e+01
7.719932000000000000e+06,-2.104101846214485150e+01
7.720868000000000000e+06,-1.932873908581860434e+01
7.721800000000000000e+06,-3.122584651234462072e+01
7.722736000000000000e+06,-3.211010610161296341e+01
7.723672000000000000e+06,-2.349957799397117242e+01
7.724608000000000000e+06,-2.405075773793566185e+01
7.725540000000000000e+06,-3.332744553618514516e+01
7.726476000000000000e+06,-4.023118367703510501e+01
7.727412000000000000e+06,-4.383860020307815830e+01
7.728348000000000000e+06,-5.226788970399483247e+01
7.729280000000000000e+06,-6.424448568587514785e+01
7.730216000000000000e+06,-7.073565542606698386e+01
7.731152000000000000e+06,-5.655634227851340512e+01
7.732088000000000000e+06,-7.038833113243337891e+01
7.733020000000000000e+06,-7.166578061208497274e+01
7.733956000000000000e+06,-9.350710542811479797e+01
7.734892000000000000e+06,-6.417231786986165787e+01
7.736760000000000000e+06,-3.151693100376778389e+01
7.737696000000000000e+06,8.492951913653785212e+00
7.738632000000000000e+06,9.647256713700693354e+01
7.739568000000000000e+06,2.080477819065968106e+02
7.740500000000000000e+06,3.014696702802520463e+02
7.741436000000000000e+06,3.107396048498910091e+02
7.742372000000000000e+06,3.156039346078050016e+02
7.743308000000000000e+06,2.216609745535101581e+02
7.744240000000000000e+06,1.362500413086302160e+02
7.745176000000000000e+06,5.886159513549201705e+01
7.746112000000000000e+06,1.156153741544783209e+01
7.747048000000000000e+06,-2.819060740720640368e+01
7.747980000000000000e+06,-3.566814213562665259e+01
7.748916000000000000e+06,-2.854018277704352613e+01
7.749852000000000000e+06,-1.953196262661142413e+01
7.750788000000000000e+06,-4.323657227410658166e+00
7.751720000000000000e+06,-6.215911391385848361e+00
7.752656000000000000e+06,1.117522584193626267e+00
7.753592000000000000e+06,5.568822512289781201e+00
7.754528000000000000e+06,4.707811676165317039e+00
7.755460000000000000e+06,-8.575248509993700807e+00
7.756396000000000000e+06,-3.336660329644146383e+00
7.757332000000000000e+06,4.481971291766712717e+00
7.758268000000000000e+06,8.249984095183815924e+00
7.759200000000000000e+06,1.861551663490169650e+00
7.760136000000000000e+06,-3.971830781370005337e+00
7.761072000000000000e+06,-2.342910203267039027e+00
7.762008000000000000e+06,-2.076693631653196981e+00
7.762940000000000000e+06,-4.160809873833077432e+00
7.763876000000000000e+06,3.737310302932082440e+00
7.764812000000000000e+06,-2.805491005492636081e+00
7.765748000000000000e+06,4.927530741491412236e+00
7.766680000000000000e+06,-7.912327152716904344e+00
7.767616000000000000e+06,-9.004312435185122254e+00
7.768552000000000000e+06,-1.040450964314786653e+01
7.769488000000000000e+06,-4.034191902652942474e+00
7.770420000000000000e+06,-3.481392992023004229e+00
7.771356000000000000e+06,-3.973449948035450596e+00
7.772292000000000000e+06,-3.992828458310346385e+00
7.773228000000000000e+06,5.925783020275584789e+00
7.774160000000000000e+06,5.958774069342140045e+00
7.775096000000000000e+06,1.883846553029878412e-01
7.776032000000000000e+06,-3.044943928682898537e+00
7.776968000000000000e+06,-2.371293018356062987e+00
7.777900000000000000e+06,-3.042692852479366827e+00
7.778836000000000000e+06,-3.642621178935139259e+00
7.779772000000000000e+06,-1.521643644819726138e+00
7.780708000000000000e+06,-3.460395315082662737e+00
7.781640000000000000e+06,-1.021778162688832658e+01
7.782576000000000000e+06,-7.208042351097510902e+00
7.783512000000000000e+06,1.031280800228728367e+00
7.784448000000000000e+06,4.309487723836917361e+00
7.785380000000000000e+06,-3.600625825054456275e+00
7.786316000000000000e+06,1.179883705476563627e+00
7.787252000000000000e+06,1.177632629273031695e+00
7.788188000000000000e+06,-3.044943928682898537e+00
7.789120000000000000e+06,7.695663810219507406e-01
7.790056000000000000e+06,6.843033658610475634e+00
7.790992000000000000e+06,-3.976332933777069645e+00
7.791928000000000000e+06,1.672572571027097110e+00
7.792860000000000000e+06,-1.408249471318783197e-01
7.793796000000000000e+06,4.097228872945283262e-01
7.794732000000000000e+06,-1.593868446732764532e+01
7.795668000000000000e+06,-1.320671180230440500e+00
7.796600000000000000e+06,9.699069360731497058e-01
7.797536000000000000e+06,-2.926343005189533830e+00
7.798472000000000000e+06,-1.250924920798820006e+00
7.799408000000000000e+06,4.887786463814260962e+00
7.800340000000000000e+06,4.969526095372095220e+00
7.801276000000000000e+06,-3.313411576500273181e+00
7.802212000000000000e+06,-4.324289136948745060e+00
7.803148000000000000e+06,-1.087445657683152822e+00
7.804080000000000000e+06,-1.398540568919296234e+00
7.805016000000000000e+06,1.590832939469263518e+00
7.805956000000000000e+06,9.318720624508161521e+00
7.806888000000000000e+06,-2.348044265212189785e+00
7.807820000000000000e+06,1.467097954030746942e+00
7.808756000000000000e+06,-1.626632029521433154e+00
7.809692000000000000e+06,-2.468896264909087535e+00
7.810628000000000000e+06,-4.142063273096268539e+00
7.811560000000000000e+06,3.485338179647985868e+00
7.812496000000000000e+06,-2.350295341415721495e+00
7.813432000000000000e+06,-4.450275198590793124e+00
7.814368000000000000e+06,-1.356636671946622208e+01
7.815300000000000000e+06,-7.609881198705616967e+00
7.816236000000000000e+06,4.968894185834009214e+00
7.817172000000000000e+06,5.321352541412748494e+00
7.818108000000000000e+06,5.195366479770699542e+00
7.819040000000000000e+06,3.651068518967185206e+00
7.819976000000000000e+06,-2.201060526629799785e+00
7.820912000000000000e+06,6.384462574347516961e-01
7.821848000000000000e+06,1.716819001111311804e+00
7.822780000000000000e+06,-1.540390245556535476e+00
7.823716000000000000e+06,-1.224952830972675777e+01
7.824652000000000000e+06,6.174485804944103151e-01
7.825588000000000000e+06,8.904183807188484900e-01
7.826520000000000000e+06,1.177632629273031695e+00
7.827464000000000000e+06,5.424089849910923355e+00
7.828392000000000000e+06,-1.211180643121669176e+00
7.829328000000000000e+06,5.134624525153208552e+00
7.830260000000000000e+06,5.814041406963281311e+00
7.831196000000000000e+06,-4.387282167769769536e+00
7.832132000000000000e+06,-4.932833027106179324e-01
7.833068000000000000e+06,-1.408249471318783197e-01
7.834000000000000000e+06,6.329979025657688219e+00
7.834936000000000000e+06,8.364608694237738007e+00
7.835872000000000000e+06,-4.989461570429073234e+00
7.836808000000000000e+06,-5.334534787859130489e+00
7.837740000000000000e+06,-3.624506487736416815e+00
7.838676000000000000e+06,4.539693173787431868e-01
7.839612000000000000e+06,-1.524526630561344742e+00
7.840548000000000000e+06,1.074895320774856833e+00
7.841480000000000000e+06,-4.387282167769769536e+00
7.842416000000000000e+06,1.282621013974738711e+00
7.843352000000000000e+06,-1.850853247254592215e+00
7.844288000000000000e+06,-3.089822268305200570e+00
7.845220000000000000e+06,-1.441538418346447159e+01
7.846156000000000000e+06,3.879791889107408132e+00
7.847092000000000000e+06,-5.049571615508478217e+00
7.848028000000000000e+06,3.609073165086502222e+00
7.848968000000000000e+06,-1.376910982440868292e+00
7.849896000000000000e+06,5.774297129286130925e+00
7.850832000000000000e+06,9.705388456112364892e-01
7.851768000000000000e+06,1.387609398676445727e+00
7.852700000000000000e+06,-4.471272875531134616e+00
7.853636000000000000e+06,-5.376530141739813473e+00
7.854572000000000000e+06,-3.752743625581997033e+00
7.855508000000000000e+06,9.040510680768106155e+00
7.856440000000000000e+06,-4.552380597550881980e+00
7.857376000000000000e+06,1.485844554767556502e+00
7.858312000000000000e+06,9.534114115398726330e-01
7.859248000000000000e+06,-4.589873799024499768e+00
7.860180000000000000e+06,-1.892848601135274977e+00
7.861116000000000000e+06,2.847916651718594760e+00
7.862052000000000000e+06,3.093135546392095314e+00
7.862988000000000000e+06,-3.913339902956045169e+00
7.863920000000000000e+06,7.011015074133206681e+00
7.864856000000000000e+06,5.877034437784304899e+00
7.865792000000000000e+06,3.611324241290033932e+00
7.866728000000000000e+06,3.156128577213119790e+00
7.867660000000000000e+06,8.859162283117840708e-01
7.868596000000000000e+06,1.051646567630983409e+00
7.869532000000000000e+06,3.072137869451753822e+00
7.870472000000000000e+06,2.679935236195863713e+00
7.871400000000000000e+06,1.032899966894173849e+00
7.872336000000000000e+06,2.890543915137364195e+00
7.873272000000000000e+06,-8.650234912940938159e+00
7.874208000000000000e+06,-3.485506403317601976e-01
7.875140000000000000e+06,8.041765967539507010e-01
7.876076000000000000e+06,-4.058072565334902571e+00
7.877012000000000000e+06,1.672572571027097110e+00
7.877948000000000000e+06,-3.957586333040260307e+00
7.878880000000000000e+06,1.422851523946532248e+00
7.879816000000000000e+06,1.609579540206072856e+00
7.880752000000000000e+06,2.116334084468613208e-01
7.881688000000000000e+06,-1.029586688807279327e+00
7.882620000000000000e+06,5.898032114724646391e+00
7.883556000000000000e+06,1.022397789071684038e+01
7.884492000000000000e+06,-1.409591687695228579e+01
7.885428000000000000e+06,3.014278900575880549e+00
7.886360000000000000e+06,2.927405207072895976e+00
7.887296000000000000e+06,-6.181301175653848290e+00
7.888232000000000000e+06,1.464846877827215010e+00
7.889168000000000000e+06,-1.937095031219489893e+00
7.890100000000000000e+06,-2.639760666173436743e+00
7.891036000000000000e+06,1.446100277090405672e+00
7.891976000000000000e+06,6.413292431763701895e-01
7.892908000000000000e+06,5.195366479770699542e+00
7.893840000000000000e+06,1.590832939469263518e+00
7.894776000000000000e+06,4.727159181155525247e-01
7.895712000000000000e+06,1.366611721736104457e+00
7.896648000000000000e+06,-1.769113615696758623e+00
7.897580000000000000e+06,-7.783191631085409345e-02
7.898516000000000000e+06,-2.056327864250941939e+00
7.899452000000000000e+06,-2.468896264909087535e+00
7.900388000000000000e+06,1.282621013974738711e+00
7.901320000000000000e+06,-2.926343005189533830e+00
7.902256000000000000e+06,-2.285051234391165309e+00
7.903192000000000000e+06,5.239612909854915124e+00
7.904128000000000000e+06,4.308855814298830467e+00
7.905060000000000000e+06,4.148569492396789737e-01
7.905996000000000000e+06,1.011902289953832579e+00
7.906932000000000000e+06,1.464846877827215010e+00
7.907868000000000000e+06,4.568523031203617912e-01
7.908800000000000000e+06,-5.600119449934886084e+00
7.909736000000000000e+06,-1.874102000398465639e+00
7.910672000000000000e+06,-5.276043909445170321e+00
7.911608000000000000e+06,-3.852597948338552847e+00
7.912540000000000000e+06,-3.087571192101668860e+00
7.913484000000000000e+06,-5.005325185424263523e+00
7.914412000000000000e+06,-5.218184940569296160e+00
7.915348000000000000e+06,1.093641921511666171e+00
7.916280000000000000e+06,1.880298264226978988e+00
7.917216000000000000e+06,-3.997330610717410693e+00
7.918152000000000000e+06,-3.745358487433314121e+00
7.919088000000000000e+06,3.143707169450362660e-01
7.920020000000000000e+06,-1.997836985836981993e+00
7.920956000000000000e+06,-5.318039263325853305e+00
7.921892000000000000e+06,6.015849654992195816e-01
7.922828000000000000e+06,-3.418399961201980197e+00
7.923760000000000000e+06,-8.841465081607543297e+00
7.924696000000000000e+06,-9.455959810459138026e-01
7.925632000000000000e+06,2.071312560397970959e-01
7.926568000000000000e+06,-5.108062493922439273e+00
7.927500000000000000e+06,-6.302153175350746039e+00
7.928436000000000000e+06,-3.335041162978701124e+00
7.929372000000000000e+06,-3.663618855875480307e+00
7.930308000000000000e+06,-3.894593302219235831e+00
7.931240000000000000e+06,5.463834127588073741e+00
7.932176000000000000e+06,-4.240298429187379092e+00
7.933112000000000000e+06,-7.786973000612941398e+00
7.934048000000000000e+06,3.035276577516222041e+00
7.934988000000000000e+06,4.755989038571711292e-01
7.935916000000000000e+06,-4.408279844710111028e+00
7.936852000000000000e+06,-4.039325964598093677e+00
7.937788000000000000e+06,-4.202805227713760416e+00
7.938720000000000000e+06,-1.458650613998701884e+00
7.939656000000000000e+06,-3.913339902956045169e+00
7.940592000000000000e+06,-3.276550284564741400e+00
7.941528000000000000e+06,-5.313537110918788997e+00
7.942460000000000000e+06,-4.202805227713760416e+00
7.943396000000000000e+06,1.551088661792112688e+00
7.944332000000000000e+06,-4.300408474266784964e+00
7.945268000000000000e+06,-3.992828458310346385e+00
7.946200000000000000e+06,-2.821354620487826814e+00
7.947136000000000000e+06,2.145882926302734361e+00
7.948072000000000000e+06,1.611830616409604788e+00
7.949008000000000000e+06,-5.810096219338300116e+00
7.949940000000000000e+06,-2.657875357372160074e+00
7.950876000000000000e+06,-7.523007505202632395e+00
7.951812000000000000e+06,-7.317532888206281783e+00
7.952748000000000000e+06,-3.276550284564741400e+00
7.953680000000000000e+06,-1.192434042384859838e+00
7.954616000000000000e+06,-8.715479019965494345e+00
7.955552000000000000e+06,-2.405903234088063058e+00
7.956492000000000000e+06,-2.435622556300531816e-01
7.957420000000000000e+06,5.589577020804502583e-01
7.958356000000000000e+06,1.383107246269381418e+00
7.959292000000000000e+06,-2.926343005189533830e+00
7.960228000000000000e+06,4.778499800607031722e-01
7.961160000000000000e+06,-4.137561120689204230e+00
7.962096000000000000e+06,-7.418019120500924934e+00
7.963032000000000000e+06,9.301626583959990979e-01
7.963968000000000000e+06,-7.980454245483078246e+00
7.964900000000000000e+06,-4.741991599552041414e+00
7.965836000000000000e+06,-6.591618500108461731e+00
7.966772000000000000e+06,-3.894593302219235831e+00
7.967708000000000000e+06,-3.146062070515628584e+00
7.968640000000000000e+06,-3.934337579896386661e+00
7.969576000000000000e+06,-2.678873034312501566e+00
7.970512000000000000e+06,3.342856593472660176e+00
7.971448000000000000e+06,1.716819001111311804e+00
7.972380000000000000e+06,3.072137869451753822e+00
7.973316000000000000e+06,-1.218491611224028759e+01
7.974252000000000000e+06,2.433097174856917455e+00
7.975188000000000000e+06,-7.313030735799218363e+00
7.976120000000000000e+06,-3.334409253440614229e+00
7.977056000000000000e+06,-3.710748271701314493e+00
7.977996000000000000e+06,-3.398034193799725156e+00
7.978928000000000000e+06,-2.453032649913896357e+00
7.979860000000000000e+06,3.298610163388445038e+00
7.980796000000000000e+06,-3.810602594457870307e+00
7.981732000000000000e+06,-6.323782761829174426e+00
7.982668000000000000e+06,-6.860086147925835043e+00
7.983600000000000000e+06,-2.403020248346444010e+00
7.984536000000000000e+06,-1.043162863916071714e+01
7.985472000000000000e+06,-1.376733918405550838e+01
7.986408000000000000e+06,-3.913339902956045169e+00
7.987340000000000000e+06,-4.328791289355809369e+00
7.988276000000000000e+06,-1.355913305500527022e+00
7.989212000000000000e+06,-3.084688206360049367e+00
7.990148000000000000e+06,-2.219326691516252670e-01
7.991080000000000000e+06,1.116890674655539595e+00
7.992016000000000000e+06,2.303800091836706310e-01
7.992952000000000000e+06,2.868914328658936252e+00
7.993888000000000000e+06,-5.142809796509593134e-01
7.994820000000000000e+06,-1.379734116580997672e+01
7.995756000000000000e+06,-5.540252573281100323e-01
7.996692000000000000e+06,1.137888351595880865e+00
7.997628000000000000e+06,-4.552380597550881980e+00
7.998560000000000000e+06,1.282621013974738711e+00
7.999504000000000000e+06,1.261623337034397441e+00
8.000432000000000000e+06,8.884522637371587095e+00
8.001368000000000000e+06,5.466085203791606340e+00
8.002300000000000000e+06,1.066450237451543048e-01
8.003236000000000000e+06,-1.066447980742811552e+00
8.004172000000000000e+06,-2.221426294032054383e+00
8.005108000000000000e+06,3.361603194209469514e+00
8.006040000000000000e+06,-1.318420104026908346e+00
8.006976000000000000e+06,3.077271931396904581e+00
8.007912000000000000e+06,-4.512879488299351149e-01
8.008848000000000000e+06,-1.192434042384859838e+00
8.009780000000000000e+06,5.421838773707391645e+00
8.010716000000000000e+06,-7.242577490543733454e-01
8.011652000000000000e+06,3.135130900272778298e+00
8.012588000000000000e+06,1.177632629273031695e+00
8.013520000000000000e+06,4.844527290857405966e+00
8.014456000000000000e+06,5.508080557672288435e+00
8.015392000000000000e+06,-6.408760726717899203e+00
8.016328000000000000e+06,-4.942332154603239935e+00
8.017260000000000000e+06,6.082509054780655511e+00
8.018196000000000000e+06,-2.263421647912737367e+00
8.019132000000000000e+06,4.434841875940879419e+00
8.020068000000000000e+06,4.313357966705894775e+00
8.021008000000000000e+06,3.651068518967185206e+00
8.021936000000000000e+06,4.365199292413010634e-02
8.022872000000000000e+06,1.572086338732453958e+00
8.023808000000000000e+06,6.558070486259825138e+00
8.024740000000000000e+06,6.184614453740743478e+00
8.025676000000000000e+06,4.568523031203617912e-01
8.026612000000000000e+06,5.529078234612629927e+00
8.027548000000000000e+06,4.749669943190846233e-01
8.028480000000000000e+06,1.117522584193626267e+00
8.029416000000000000e+06,6.061511377840314019e+00
8.030352000000000000e+06,-5.747735098055361647e+00
8.031288000000000000e+06,3.093135546392095314e+00
8.032220000000000000e+06,2.303800091836706310e-01
8.033156000000000000e+06,1.014223825915900612e+01
8.034092000000000000e+06,2.722562499614632703e+00
8.035028000000000000e+06,5.709053022261573851e+00
8.035960000000000000e+06,5.505829481468756725e+00
8.036896000000000000e+06,2.348474557557465481e+00
8.037832000000000000e+06,3.858794212167066640e+00
8.038768000000000000e+06,8.910502902569350514e-01
8.039700000000000000e+06,9.489092591328083248e-01
8.040636000000000000e+06,-1.643127554054710338e+00
8.041572000000000000e+06,-2.471779250650705695e+00
8.042512000000000000e+06,2.745179343220419899e+00
8.043440000000000000e+06,6.174485804944103151e-01
8.044376000000000000e+06,-2.445495127574122685e-01
8.045312000000000000e+06,2.473473362072154735e+00
8.046248000000000000e+06,-1.916097354279148401e+00
8.047180000000000000e+06,-4.200554151510228706e+00
8.048116000000000000e+06,6.384462574347516961e-01
8.049052000000000000e+06,-2.139686662474221457e+00
8.049988000000000000e+06,-4.427026445446919922e+00
8.050920000000000000e+06,5.385919346781953276e-01
8.051856000000000000e+06,-3.789604917517528815e+00
8.052792000000000000e+06,-4.263547182331253182e+00
8.053728000000000000e+06,-4.470640965993047722e+00
8.054660000000000000e+06,5.858287837047496893e+00
8.055596000000000000e+06,5.631815543110805677e+00
8.056532000000000000e+06,-2.636877680431818582e+00
8.057468000000000000e+06,-1.235061305803629272e+00
8.058400000000000000e+06,5.442836450647732249e+00
8.059336000000000000e+06,-3.915590979159577323e+00
8.060272000000000000e+06,-2.905345328249192338e+00
8.061208000000000000e+06,6.497328531642332372e+00
8.062140000000000000e+06,7.434346421364587121e-01
8.063076000000000000e+06,1.880298264226978988e+00
8.064016000000000000e+06,-2.160684339414562505e+00
8.064948000000000000e+06,1.255591945136302634e+01
8.065880000000000000e+06,1.177632629273031695e+00
8.066816000000000000e+06,-8.218609956073974487e-01
8.067752000000000000e+06,5.134624525153208552e+00
8.068688000000000000e+06,2.093823322433292500e-01
8.069620000000000000e+06,5.503578405265225015e+00
8.070556000000000000e+06,5.711304098465107337e+00
8.071492000000000000e+06,4.806046832256427592e+00
8.072428000000000000e+06,5.529078234612629927e+00
8.073360000000000000e+06,1.117510075367517963e+01
8.074296000000000000e+06,4.842908124191961150e+00
8.075232000000000000e+06,6.126755484864871093e+00
8.076168000000000000e+06,1.446100277090405672e+00
8.077100000000000000e+06,3.361603194209469514e+00
8.078036000000000000e+06,2.763925943957229237e+00
8.078972000000000000e+06,4.574440476374586062e+00
8.079908000000000000e+06,1.422851523946532248e+00
8.080840000000000000e+06,2.106138648625583532e+00
8.081776000000000000e+06,1.053897643834515341e+00
8.082712000000000000e+06,3.177126254153460838e+00
8.083648000000000000e+06,-4.661871134659652860e+00
8.084580000000000000e+06,9.666676827679836492e+00
8.085524000000000000e+06,6.992268473396398676e+00
8.086452000000000000e+06,9.280595513496455951e+00
8.087388000000000000e+06,3.069886793248222112e+00
8.088320000000000000e+06,7.011015074133206681e+00
8.089256000000000000e+06,4.929781817694943946e+00
8.090192000000000000e+06,5.239612909854915124e+00
8.091128000000000000e+06,-3.829349195194679645e+00
8.092060000000000000e+06,4.621569892200419361e+00
8.092996000000000000e+06,1.779812031932336058e+00
8.093932000000000000e+06,3.566445901667732787e+00
8.094868000000000000e+06,8.723294450459453842e+00
8.095800000000000000e+06,6.455333177761650276e+00
8.096736000000000000e+06,3.877540812903875977e+00
8.097672000000000000e+06,2.022147940864218008e+00
8.098608000000000000e+06,-1.913846278075616469e+00
8.099540000000000000e+06,5.424089849910923355e+00
8.100476000000000000e+06,7.650055768728043937e+00
8.101412000000000000e+06,3.632321918230375424e+00
8.102348000000000000e+06,-7.769826559850959713e-01
8.103280000000000000e+06,8.637052666494554387e+00
8.104216000000000000e+06,6.952524195719247402e+00
8.105152000000000000e+06,9.489092591328083248e-01
8.106088000000000000e+06,5.982022822486012359e+00
8.107028000000000000e+06,-6.133639177757690963e-02
8.107956000000000000e+06,3.506335856588327360e+00
8.108892000000000000e+06,2.435348251060449609e+00
8.109828000000000000e+06,4.926898831953326230e+00
8.110760000000000000e+06,3.921787242988090672e+00
8.111696000000000000e+06,-2.429783896770022711e+00
8.112632000000000000e+06,-2.819103544284294660e+00
8.113568000000000000e+06,1.485844554767556502e+00
8.114500000000000000e+06,5.337848065946025677e+00
8.115436000000000000e+06,1.779812031932336058e+00
8.116372000000000000e+06,5.977520670078948051e+00
8.117308000000000000e+06,6.639810117817658508e+00
8.118240000000000000e+06,1.427353676353596335e+00
8.119176000000000000e+06,5.158505187835167760e+00
8.120112000000000000e+06,-3.808351518254338153e+00
8.121048000000000000e+06,3.013646991037794098e+00
8.121980000000000000e+06,1.051646567630983409e+00
8.122916000000000000e+06,5.134624525153208552e+00
8.123852000000000000e+06,3.256614809507762054e+00
8.124788000000000000e+06,-3.558630471173773291e+00
8.125720000000000000e+06,2.045396694008091654e+00
8.126656000000000000e+06,3.443342825767302884e+00
8.127592000000000000e+06,4.577323462116204666e+00
8.128532000000000000e+06,6.350344793059942816e+00
8.129460000000000000e+06,6.639460867821571632e-01
8.130396000000000000e+06,-2.119320895071965971e+00
8.131332000000000000e+06,2.700932913136205205e+00
8.132268000000000000e+06,1.200881382416905119e+00
8.133200000000000000e+06,6.287983671777005235e+00
8.134136000000000000e+06,5.736803927812512249e+00
8.135072000000000000e+06,1.817305233405954734e+00
8.136008000000000000e+06,2.106770558163669982e+00
8.136940000000000000e+06,-3.292413899559931689e+00
8.137876000000000000e+06,3.303112315795509346e+00
8.138812000000000000e+06,6.196996566979423582e-01
8.139748000000000000e+06,-1.618226240722197007e-01
8.140680000000000000e+06,5.115877924416398770e+00
8.141616000000000000e+06,6.513824056175610444e+00
8.142552000000000000e+06,2.682818221937482317e+00
8.143488000000000000e+06,-5.168804448539931151e+00
8.144420000000000000e+06,5.426340926114455065e+00
8.145356000000000000e+06,1.437219995526361949e+01
8.146292000000000000e+06,-1.853104323458124147e+00
8.147228000000000000e+06,-4.492270552471476108e+00
8.148160000000000000e+06,5.627313390703741369e+00
8.149096000000000000e+06,-5.231797479360955627e+00
8.150036000000000000e+06,6.948022043312183094e+00
8.150968000000000000e+06,4.224233196999378492e+00
8.151900000000000000e+06,5.147112719962353422e-01
8.152836000000000000e+06,-4.450275198590793124e+00
8.153772000000000000e+06,5.218615232914573632e+00
8.154708000000000000e+06,-1.353662229296995090e+00
8.155640000000000000e+06,1.137888351595880865e+00
8.156576000000000000e+06,-1.382045044386019050e+00
8.157512000000000000e+06,-2.947340682129875322e+00
8.158448000000000000e+06,2.927405207072895976e+00
8.159380000000000000e+06,4.539693173787431868e-01
8.160316000000000000e+06,7.854299960171414741e-01
8.161252000000000000e+06,2.579449003901221005e+00
8.162188000000000000e+06,5.612087782839823014e-01
8.163120000000000000e+06,3.111882147128905096e+00
8.164056000000000000e+06,1.758814354991994566e+00
8.164992000000000000e+06,4.997908910461118737e+00
8.165928000000000000e+06,2.600446680841562497e+00
8.166860000000000000e+06,-4.018328287657752185e+00
8.167796000000000000e+06,-5.541628571520925917e+00
8.168732000000000000e+06,-3.461027224620749632e+00
8.169668000000000000e+06,4.142250397015924679e-01
8.170600000000000000e+06,2.724813575818165301e+00
8.171540000000000000e+06,4.061385843421797759e+00
8.172472000000000000e+06,6.663058870961531710e+00
8.173408000000000000e+06,3.261116961914826806e+00
8.174340000000000000e+06,-8.197290325067555727e+00
8.175276000000000000e+06,4.598321139056545270e+00
8.176212000000000000e+06,-1.460901690202234038e+00
8.177148000000000000e+06,-4.778852891487572307e+00
8.178080000000000000e+06,-3.108568869042009908e+00
8.179016000000000000e+06,2.933730400046948295e-01
8.179952000000000000e+06,-3.647123331342203567e+00
8.180888000000000000e+06,-3.686867609019353953e+00
8.181820000000000000e+06,-3.808351518254338153e+00
8.182756000000000000e+06,1.691319171763906226e+00
8.183692000000000000e+06,6.434967410359395679e+00
8.184628000000000000e+06,1.478540026545985242e+01
8.185560000000000000e+06,1.463893014223050515e-01
8.186496000000000000e+06,1.553339737995644843e+00
8.187432000000000000e+06,-5.397527818680154965e+00
8.188368000000000000e+06,-4.363401505087809440e+00
8.189300000000000000e+06,-6.533127621694501563e+00
8.190236000000000000e+06,-3.810602594457870307e+00
8.191172000000000000e+06,-6.736351162487318689e+00
8.192108000000000000e+06,-3.705614209756163291e+00
8.193044000000000000e+06,-6.631362777785612117e+00
8.193976000000000000e+06,-3.507524730908496480e+00
8.194912000000000000e+06,3.887808936794177495e+00
8.195848000000000000e+06,-9.188157465703046256e+00
8.196780000000000000e+06,-1.174333298695503203e+01
8.197716000000000000e+06,-8.320393400967983411e+00
8.198652000000000000e+06,-8.406635184932882865e+00
8.199588000000000000e+06,-7.578615397874973958e+00
8.200520000000000000e+06,-1.110879444476725908e+01
8.201456000000000000e+06,-6.407141560052453499e+00
8.202392000000000000e+06,-1.154010944616221401e+01
8.203328000000000000e+06,-5.049571615508478217e+00
8.204260000000000000e+06,-4.244168672056356506e+00
8.205196000000000000e+06,-1.834357722721315032e+00
8.206132000000000000e+06,-7.582360552482867444e-01
8.207068000000000000e+06,-7.891329475776562852e+00
8.208000000000000000e+06,-7.725599136457363514e+00
8.208936000000000000e+06,-4.817965259626637575e+00
8.209872000000000000e+06,-9.025310112125463746e+00
8.210808000000000000e+06,-9.706346160600984874e+00
8.211740000000000000e+06,-8.285783185235986892e+00
8.212676000000000000e+06,-3.334409253440614229e+00
8.213612000000000000e+06,-3.546637099047560415e+00
8.214548000000000000e+06,-1.097992539738359241e+01
8.215480000000000000e+06,-5.041554567821709298e+00
8.216416000000000000e+06,2.601078590379648947e+00
8.217352000000000000e+06,-3.768607240577187323e+00
8.218288000000000000e+06,1.695821324170970534e+00
8.219220000000000000e+06,-1.544892397963599562e+00
8.220156000000000000e+06,1.754312202584930480e+00
8.221092000000000000e+06,2.933730400046948295e-01
8.222028000000000000e+06,-1.892216691597188305e+00
8.222960000000000000e+06,2.272500897482869320e+00
8.223896000000000000e+06,4.703941433296339625e+00
8.224832000000000000e+06,2.349106467095551931e+00
8.225768000000000000e+06,4.700426538016635014e+00
8.226700000000000000e+06,1.000200774918721258e+01
8.227636000000000000e+06,1.935906156899320330e+00
8.228572000000000000e+06,5.732301775405447941e+00
8.229508000000000000e+06,-1.418906336321551054e+00
8.230440000000000000e+06,5.690306421524765845e+00
8.231376000000000000e+06,1.673869783626464325e-01
8.232312000000000000e+06,4.187371905063846711e+00
8.233248000000000000e+06,8.245481942776752504e+00
8.234180000000000000e+06,1.569065753166852950e+01
8.235116000000000000e+06,-1.613651400267861025e+00
8.236052000000000000e+06,-1.874102000398465639e+00
8.236988000000000000e+06,5.403092172970581863e+00
8.237920000000000000e+06,-2.573884649610794106e+00
8.238856000000000000e+06,-1.976839308896640723e+00
8.239792000000000000e+06,9.120479671972764324e-01
8.240728000000000000e+06,1.735565601848121364e+00
8.241660000000000000e+06,4.743053801435403116e+00
8.242596000000000000e+06,-1.584636675640750392e+00
8.243532000000000000e+06,3.699786096173776073e-01
8.244468000000000000e+06,-3.663618855875480307e+00
8.245400000000000000e+06,5.987019797576009772e-01
8.246336000000000000e+06,-1.873224534196253344e-01
8.247272000000000000e+06,6.352595869263474526e+00
8.248208000000000000e+06,1.861335790994557149e-01
8.249140000000000000e+06,-8.458514492145036145e-02
8.250076000000000000e+06,2.166880603243075853e+00
8.251012000000000000e+06,-2.221426294032054383e+00
8.251948000000000000e+06,-1.584636675640750392e+00
8.252880000000000000e+06,-8.008633186670560677e-01
8.253816000000000000e+06,-4.179556474569887214e+00
8.254752000000000000e+06,6.086379297649633813e+00
8.255688000000000000e+06,5.281608263735598108e+00
8.256620000000000000e+06,5.732301775405447941e+00
8.257556000000000000e+06,1.380856170065849486e+00
8.258492000000000000e+06,6.207863206884616680e+00
8.259428000000000000e+06,-2.842352297428168306e+00
8.260360000000000000e+06,-1.213431719325201330e+00
8.261296000000000000e+06,1.299116538508015894e+00
8.262232000000000000e+06,7.275710271412679786e-01
8.263168000000000000e+06,1.261623337034397441e+00
8.264100000000000000e+06,-1.995930130356693155e+01
8.265036000000000000e+06,-5.313537110918788997e+00
8.265972000000000000e+06,-4.387282167769769536e+00
8.266908000000000000e+06,-4.469021799327602906e+00
8.267840000000000000e+06,1.977901510780003091e+00
8.268776000000000000e+06,2.767440839236934291e+00
8.269712000000000000e+06,-3.479141915819472075e+00
8.270648000000000000e+06,-4.470640965993047722e+00
8.271580000000000000e+06,-2.860466988626890306e+00
8.272516000000000000e+06,-1.005706026125319452e+00
8.273452000000000000e+06,-3.957586333040260307e+00
8.274388000000000000e+06,1.527839908648239264e+00
8.275320000000000000e+06,-3.717993934756337326e-01
8.276256000000000000e+06,-6.328819031443249088e-01
8.277192000000000000e+06,-3.191927667265288537e+00
8.278128000000000000e+06,-7.872582875039753070e+00
8.279060000000000000e+06,-8.243787831355303908e+00
8.279996000000000000e+06,-1.007980219312006653e+01
8.280932000000000000e+06,-9.188157465703046256e+00
8.281868000000000000e+06,-6.822592946452217255e+00
8.282800000000000000e+06,-7.167666163882274510e+00
8.283736000000000000e+06,-6.662983926205528817e+00
8.284672000000000000e+06,-7.544005182142973887e+00
8.285608000000000000e+06,-1.782580456935768254e+01
8.286540000000000000e+06,-8.180162890996191649e+00
8.287476000000000000e+06,-1.621851357773314461e+01
8.288412000000000000e+06,-1.283756934562678254e+01
8.289348000000000000e+06,-1.836210795545434493e+01
8.290280000000000000e+06,-2.279529319235177809e+01
8.291216000000000000e+06,-2.859118243573833595e+01
8.292152000000000000e+06,-2.440546716971793373e+01
8.293088000000000000e+06,-2.887551369855090044e+01
8.294020000000000000e+06,-2.199502431084480847e+01
8.294956000000000000e+06,-3.429569583321484316e+01
8.295892000000000000e+06,-2.834371246486130147e+01
8.296828000000000000e+06,-1.455544421305791580e+01
8.297760000000000000e+06,2.577742090615554105e+01
8.298696000000000000e+06,2.326181918220235545e+01
8.299632000000000000e+06,2.386860681883919355e+01
8.300568000000000000e+06,1.874239216134002817e+01
8.301500000000000000e+06,2.525681065467572139e+01
8.302436000000000000e+06,4.192929354978760870e+01
8.303372000000000000e+06,5.998674194740513599e+01
8.304308000000000000e+06,7.676934728916387485e+01
8.305240000000000000e+06,1.033190782185191097e+02
8.306176000000000000e+06,1.204994816846386243e+02
8.307112000000000000e+06,1.135140039122308337e+02
8.308048000000000000e+06,1.055971371347288681e+02
8.308980000000000000e+06,9.269266704303407778e+01
8.309916000000000000e+06,7.311255027109146454e+01
8.310852000000000000e+06,5.547118516941178967e+01
8.311788000000000000e+06,4.562070078359203507e+01
8.312720000000000000e+06,2.877960456341932272e+01
8.313656000000000000e+06,1.175381553069499541e+00
8.314592000000000000e+06,1.115599880534909616e+01
8.315528000000000000e+06,-3.885588997405107659e+00
8.316460000000000000e+06,-2.876962513160167489e+00
8.317396000000000000e+06,6.808423442878476450e+00
8.318332000000000000e+06,3.655570671374249070e+00
8.319268000000000000e+06,1.716819001111311804e+00
8.320200000000000000e+06,6.434967410359395679e+00
8.321136000000000000e+06,2.440482313005600812e+00
8.322072000000000000e+06,5.713555174668639047e+00
8.323008000000000000e+06,1.230746222335863393e+01
8.323940000000000000e+06,9.176239038332836273e+00
8.324876000000000000e+06,2.309362189418401101e+00
8.326748000000000000e+06,2.088023957426860644e+00
8.327680000000000000e+06,4.871922848819070673e+00
8.328616000000000000e+06,5.529078234612629927e+00
8.329552000000000000e+06,2.685069298141014471e+00
8.330488000000000000e+06,-1.211180643121669176e+00
8.331420000000000000e+06,8.723036895201257135e-01
8.332356000000000000e+06,-2.779359266607143830e+00
8.333292000000000000e+06,-6.856068100750477567e-01
8.334228000000000000e+06,-3.230052778276994108e+00
8.335160000000000000e+06,1.691319171763906226e+00
8.336096000000000000e+06,-2.202679693295245489e+00
8.337032000000000000e+06,2.167512512781162304e+00
8.337968000000000000e+06,4.167006137661592113e+00
8.338900000000000000e+06,-3.397402284261638705e+00
8.339836000000000000e+06,5.900283190928179877e+00
8.340772000000000000e+06,-2.345161279470570737e+00
8.341708000000000000e+06,2.480226590682751198e+00
8.342640000000000000e+06,3.819681844028002260e+00
8.343576000000000000e+06,3.488221165389604472e+00
8.344512000000000000e+06,6.577448996534720926e+00
8.345448000000000000e+06,1.548837585588580756e+00
8.346380000000000000e+06,6.229492793363045067e+00
8.347316000000000000e+06,2.148765912044352966e+00
8.348252000000000000e+06,-1.748115938756417131e+00
8.349188000000000000e+06,3.879791889107408132e+00
8.350120000000000000e+06,6.784542780196516354e+00
8.351056000000000000e+06,-3.932086503692854507e+00
8.351992000000000000e+06,9.771665212381543952e+00
8.352928000000000000e+06,-1.544892397963599562e+00
8.353860000000000000e+06,4.745936787177022609e+00
8.354796000000000000e+06,2.767440839236934291e+00
8.355732000000000000e+06,3.069886793248222112e+00
8.356668000000000000e+06,7.218740767333089003e+00
8.357600000000000000e+06,6.434967410359395679e+00
8.358536000000000000e+06,-4.506560392918486091e-01
8.359472000000000000e+06,5.690306421524765845e+00
8.360408000000000000e+06,1.219627983153714679e+00
8.361340000000000000e+06,-5.925057159290877395e-01
8.362276000000000000e+06,6.026269252570227941e+00
8.363212000000000000e+06,6.024018176366695343e+00
8.364148000000000000e+06,-7.172168316289339707e+00
8.365080000000000000e+06,1.225572457355527156e+01
8.366016000000000000e+06,6.558070486259825138e+00
8.366952000000000000e+06,3.487589255851517578e+00
8.367888000000000000e+06,4.621569892200419361e+00
8.368820000000000000e+06,3.916081960958054942e-01
8.369756000000000000e+06,6.455965087299736282e+00
8.370692000000000000e+06,1.527839908648239264e+00
8.371628000000000000e+06,4.994795665391312256e-01
8.372560000000000000e+06,1.961405986246725908e+00
8.373496000000000000e+06,-9.858463961128522968e+00
8.374432000000000000e+06,2.988147161690388298e+00
8.375368000000000000e+06,-3.023946251742557489e+00
8.376300000000000000e+06,3.095386622595627468e+00
8.377236000000000000e+06,8.849280512101502794e+00
8.378172000000000000e+06,6.600758439131795274e-01
8.379108000000000000e+06,3.529584609732200562e+00
8.380040000000000000e+06,6.000769423222823029e+00
8.380976000000000000e+06,6.271488147243728051e+00
8.381912000000000000e+06,2.850799637460213809e+00
8.382848000000000000e+06,1.322365291651889319e+00
8.383780000000000000e+06,-5.229546403157423029e+00
8.384716000000000000e+06,9.629183626206216928e+00
8.385652000000000000e+06,-4.926513931725314266e-01
8.386588000000000000e+06,3.140264962217929057e+00
8.387520000000000000e+06,5.176619879033891536e+00
8.388456000000000000e+06,6.927024366371841602e+00
8.389392000000000000e+06,4.537579184439053392e+00
8.390328000000000000e+06,-1.500645967879384868e+00
8.392196000000000000e+06,3.506335856588327360e+00
8.393132000000000000e+06,6.847535811017540830e+00
8.394068000000000000e+06,8.093106586991014595e-01
8.395000000000000000e+06,1.206611357155411035e+01
8.395936000000000000e+06,2.106770558163669982e+00
8.396872000000000000e+06,1.196379230009841033e+00
8.397808000000000000e+06,6.126755484864871093e+00
8.398740000000000000e+06,7.589313814110552059e+00
8.399676000000000000e+06,4.001275798342392775e+00
8.400612000000000000e+06,6.558070486259825138e+00
8.401548000000000000e+06,-1.106192258419962160e+00
8.402480000000000000e+06,5.858287837047496893e+00
8.403416000000000000e+06,1.611830616409604788e+00
8.404352000000000000e+06,4.253247921626488903e+00
8.405288000000000000e+06,7.053010428013889666e+00
8.406220000000000000e+06,-2.014332510370258955e+00
8.407156000000000000e+06,-4.137561120689204230e+00
8.408092000000000000e+06,4.908784140754602454e+00
8.409028000000000000e+06,2.885409853192213436e+00
8.409960000000000000e+06,2.004033249665495120e+00
8.410896000000000000e+06,6.721549749375491878e+00
8.411832000000000000e+06,4.755989038571711292e-01
8.412768000000000000e+06,3.382600871149810562e+00
8.413700000000000000e+06,6.042764777103505125e+00
8.414636000000000000e+06,-8.399756868061202253e-01
8.415572000000000000e+06,7.860664447669543975e+00
8.416508000000000000e+06,-9.478470572494459567e-01
8.417440000000000000e+06,9.050252976690787321e+00
8.418376000000000000e+06,5.484831804528415233e+00
8.419312000000000000e+06,6.189748515685895569e+00
8.420248000000000000e+06,6.702803148638682984e+00
8.421180000000000000e+06,1.546586509385048602e+00
8.422116000000000000e+06,2.043777527342645950e+00
8.423052000000000000e+06,-4.576261260232842076e+00
8.423988000000000000e+06,5.964509035540688231e-01
8.424920000000000000e+06,4.085266506103757855e+00
8.425856000000000000e+06,1.883846553029878412e-01
8.426792000000000000e+06,-3.789604917517528815e+00
8.427728000000000000e+06,5.879285513987838385e+00
8.428660000000000000e+06,5.673810896991487773e+00
8.429596000000000000e+06,1.282621013974738711e+00
8.430532000000000000e+06,8.452575726438546155e+00
8.431468000000000000e+06,6.266985994836663743e+00
8.432400000000000000e+06,-2.924091928986001676e+00
8.433336000000000000e+06,5.361096819089898879e+00
8.434272000000000000e+06,9.255727593687138821e+00
8.435208000000000000e+06,2.285481526736441449e+00
8.436140000000000000e+06,6.203315662360289195e-01
8.437076000000000000e+06,1.440966215145254914e+00
8.438012000000000000e+06,5.169623481997673853e-01
8.438948000000000000e+06,4.145376551183163727e+00
8.439880000000000000e+06,5.964509035540688231e-01
8.440816000000000000e+06,5.442836450647732249e+00
8.441752000000000000e+06,5.281608263735598108e+00
8.442688000000000000e+06,1.238374583890523795e+00
8.443620000000000000e+06,1.058255756536808789e+01
8.444556000000000000e+06,2.931907359479960729e+00
8.445492000000000000e+06,1.441194423294077076e+01
8.446428000000000000e+06,-1.337798614301804134e+00
8.447360000000000000e+06,-2.634626604228285984e+00
8.448296000000000000e+06,-5.375297327948327375e-01
8.449232000000000000e+06,8.679048020375237371e+00
8.450168000000000000e+06,9.131992608248621579e+00
8.451100000000000000e+06,1.322365291651889319e+00
8.452036000000000000e+06,6.165867853003934584e+00
8.452972000000000000e+06,3.361603194209469514e+00
8.453908000000000000e+06,1.000425882539074429e+01
8.454840000000000000e+06,1.177632629273031695e+00
8.455776000000000000e+06,8.303083356394428405e-01
8.457648000000000000e+06,3.569328887409351392e+00
8.458580000000000000e+06,4.661314169877569746e+00
8.459516000000000000e+06,1.569835262528922026e+00
8.460452000000000000e+06,-8.848540264284217027e-01
8.461388000000000000e+06,1.253916244819636150e-01
8.462320000000000000e+06,1.177632629273031695e+00
8.463256000000000000e+06,1.270107911474092077e-01
8.464192000000000000e+06,3.408100700497216362e+00
8.465128000000000000e+06,9.503197564564169753e+00
8.466060000000000000e+06,7.421332398587820123e+00
8.466996000000000000e+06,1.179883705476563627e+00
8.467932000000000000e+06,-2.224309279773672987e+00
8.468868000000000000e+06,1.609579540206072856e+00
8.469800000000000000e+06,3.308662414783133943e-01
8.470736000000000000e+06,1.527207999110152814e+00
8.471672000000000000e+06,-8.616052732845482787e-01
8.472608000000000000e+06,2.203741895178607635e+00
8.473540000000000000e+06,7.570471809281171804e-01
8.474476000000000000e+06,8.536566434199912123e+00
8.475412000000000000e+06,1.345614044795762965e+00
8.476348000000000000e+06,1.219627983153714679e+00
8.477280000000000000e+06,6.594439343750930771e-01
8.478216000000000000e+06,1.301367614711548049e+00
8.479152000000000000e+06,3.898538489844217469e+00
8.480088000000000000e+06,1.177632629273031695e+00
8.481020000000000000e+06,8.555313034936721905e+00
8.481956000000000000e+06,1.695821324170970534e+00
8.482892000000000000e+06,-2.060690541564346168e-01
8.483828000000000000e+06,-1.851485156792678666e+00
8.484760000000000000e+06,1.408498570670943728e+01
8.485696000000000000e+06,8.945264591989081637e+00
8.486632000000000000e+06,1.177632629273031695e+00
8.487568000000000000e+06,-1.874102000398465639e+00
8.488500000000000000e+06,3.072137869451753822e+00
8.489436000000000000e+06,7.484957338946931493e+00
8.490372000000000000e+06,6.061511377840314019e+00
8.491308000000000000e+06,8.534315357996380413e+00
8.492240000000000000e+06,6.927024366371841602e+00
8.493176000000000000e+06,5.820794635573878217e+00
8.494112000000000000e+06,1.501799387846905276e+01
8.495048000000000000e+06,6.082509054780655511e+00
8.495980000000000000e+06,6.464966986447150121e-02
8.496916000000000000e+06,6.174485804944103151e-01
8.497852000000000000e+06,3.282114638855167854e+00
8.498788000000000000e+06,2.456345928000791101e+00
8.499720000000000000e+06,3.156128577213119790e+00
8.500656000000000000e+06,1.177632629273031695e+00
8.501592000000000000e+06,4.168625304327036929e+00
8.502528000000000000e+06,-4.322170057885409145e-02
8.503460000000000000e+06,2.077755833536559571e+00
8.504396000000000000e+06,5.828383647624102437e-01
8.505332000000000000e+06,5.547824835349439709e+00
8.506268000000000000e+06,-2.387788542889340171e+00
8.507200000000000000e+06,5.300354864472407002e+00
8.508136000000000000e+06,2.866663252455404542e+00
8.509072000000000000e+06,1.464846877827215010e+00
8.510008000000000000e+06,-1.382045044386019050e+00
8.510940000000000000e+06,-1.439904013261892546e+00
8.511876000000000000e+06,3.135130900272778298e+00
8.512812000000000000e+06,-2.123823047479030279e+00
8.513748000000000000e+06,1.469915848149495297e+01
8.514680000000000000e+06,1.174117733993326640e+00
8.515616000000000000e+06,8.721043374255920355e+00
8.516552000000000000e+06,5.777043028172594852e-01
8.517488000000000000e+06,1.093641921511666171e+00
8.518420000000000000e+06,5.403092172970581863e+00
8.519356000000000000e+06,5.029636140451501092e+00
8.520292000000000000e+06,-1.828203010125611094e-01
8.521228000000000000e+06,5.799553790207916393e-01
8.522160000000000000e+06,-3.131817622185883554e+00
8.523096000000000000e+06,-4.538768058759223401e+00
8.524032000000000000e+06,-3.311160500296741027e+00
8.524968000000000000e+06,1.419968538204913644e+00
8.525900000000000000e+06,4.182237843118695508e+00
8.526836000000000000e+06,4.368965859378236338e+00
8.527772000000000000e+06,5.340099142149557387e+00
8.528708000000000000e+06,1.024884581052615928e+01
8.529640000000000000e+06,6.249858560765299664e+00
8.530576000000000000e+06,5.982022822486012359e+00
8.531512000000000000e+06,-4.450275198590793124e+00
8.532448000000000000e+06,4.119739634980604248e-01
8.533380000000000000e+06,-1.010806694547276008e-01
8.534316000000000000e+06,4.620937982662333354e+00
8.535252000000000000e+06,5.424089849910923355e+00
8.536188000000000000e+06,-3.356038839919042616e+00
8.537120000000000000e+06,2.103887572422051377e+00
8.538056000000000000e+06,3.722296858209096504e-01
8.538992000000000000e+06,5.403092172970581863e+00
8.539928000000000000e+06,2.353608619502616239e+00
8.540860000000000000e+06,3.529584609732200562e+00
8.541796000000000000e+06,4.124378874242822235e+00
8.542732000000000000e+06,1.611830616409604788e+00
8.543668000000000000e+06,1.590832939469263518e+00
8.544600000000000000e+06,9.549695070851917933e+00
8.545536000000000000e+06,-1.074272355039686033e+01
8.546472000000000000e+06,1.030648890690641917e+00
8.547408000000000000e+06,1.735565601848121364e+00
8.548340000000000000e+06,8.452575726438546155e+00
8.549276000000000000e+06,4.616435830255269046e+00
8.550212000000000000e+06,8.144363800944022458e+00
8.551148000000000000e+06,-1.440535922799978996e+00
8.552080000000000000e+06,4.959646712594260043e-01
8.553016000000000000e+06,1.219627983153714679e+00
8.553952000000000000e+06,-4.427026445446919922e+00
8.554888000000000000e+06,3.998392812600773727e+00
8.555820000000000000e+06,3.221372684237675976e+00
8.556756000000000000e+06,1.467097954030746942e+00
8.557692000000000000e+06,2.763925943957229237e+00
8.558628000000000000e+06,3.319607840328786530e+00
8.559560000000000000e+06,2.061892218541368837e+00
8.560496000000000000e+06,-1.092579719628303581e+00
8.561432000000000000e+06,4.515949597960625894e+00
8.562368000000000000e+06,-2.553518882208539065e+00
8.563300000000000000e+06,-4.228305057061166217e+00
8.564236000000000000e+06,1.538757966811915701e+01
8.565172000000000000e+06,5.793043730022939819e+00
8.566108000000000000e+06,7.434346421364587121e-01
8.567040000000000000e+06,1.133386199188816779e+00
8.567976000000000000e+06,-3.882949180089109165e-01
8.568912000000000000e+06,2.685069298141014471e+00
8.569848000000000000e+06,6.392340146940625800e+00
8.570780000000000000e+06,3.153877501009587636e+00
8.571716000000000000e+06,2.432465265318831449e+00
8.572652000000000000e+06,-9.036006271652310406e-01
8.573588000000000000e+06,2.313864341825465409e+00
8.574520000000000000e+06,5.421838773707391645e+00
8.575456000000000000e+06,-1.608517338322710266e+00
8.576392000000000000e+06,4.847410276599024570e+00
8.577328000000000000e+06,4.494951921020284402e+00
8.578260000000000000e+06,-9.478470572494459567e-01
8.579196000000000000e+06,6.594439343750930771e-01
8.580132000000000000e+06,4.287858137358489863e+00
8.581068000000000000e+06,3.916653181042939913e+00
8.582000000000000000e+06,-1.753250000701567890e+00
8.582936000000000000e+06,8.534315357996380413e+00
8.583872000000000000e+06,1.271552847160971567e+01
8.584808000000000000e+06,3.782188642554384028e+00
8.585740000000000000e+06,-8.848540264284217027e-01
8.586676000000000000e+06,6.147121252267125691e+00
8.587612000000000000e+06,1.114639598452007663e+00
8.588548000000000000e+06,4.392846522060196435e+00
8.589480000000000000e+06,3.850777164480298165e+00
8.590416000000000000e+06,2.116334084468613208e-01
8.591352000000000000e+06,5.424089849910923355e+00
8.592288000000000000e+06,1.193496244268222428e+00
8.593220000000000000e+06,-9.882232444646830150e-01
8.594156000000000000e+06,2.395603973383299223e+00
8.595092000000000000e+06,-4.694026400286579470e-01
8.596028000000000000e+06,-1.766862539493226691e+00
8.596960000000000000e+06,-2.863349974368509798e+00
8.597896000000000000e+06,7.666833952803321361e-01
8.598832000000000000e+06,3.529584609732200562e+00
8.599768000000000000e+06,4.539693173787431868e-01
8.600700000000000000e+06,-4.034823812191029369e+00
8.601636000000000000e+06,6.009530559611330203e-01
8.602572000000000000e+06,2.967149484750047250e+00
8.603508000000000000e+06,3.995509826859156011e+00
8.604440000000000000e+06,-3.600625825054456275e+00
8.605376000000000000e+06,4.555693875637777168e+00
8.606312000000000000e+06,3.568696977871264941e+00
8.607248000000000000e+06,9.439572624205057494e+00
8.608180000000000000e+06,2.579449003901221005e+00
8.609116000000000000e+06,-2.434286049177087019e+00
8.610052000000000000e+06,-4.926513931725314266e-01
8.610988000000000000e+06,1.193496244268222428e+00
8.611920000000000000e+06,-4.302902718895937340e-01
8.612856000000000000e+06,7.526320783289527583e+00
8.613792000000000000e+06,1.893910803018637568e+00
8.614728000000000000e+06,8.244850033238664722e+00
8.615660000000000000e+06,4.410961213258919322e+00
8.616596000000000000e+06,3.699786096173776073e-01
8.617532000000000000e+06,2.642442034722245481e+00
8.618468000000000000e+06,3.324109992735850838e+00
8.619400000000000000e+06,5.571073588493312911e+00
8.620336000000000000e+06,5.987019797576009772e-01
8.621272000000000000e+06,4.661314169877569746e+00
8.622208000000000000e+06,-3.672972410685695355e-01
8.623140000000000000e+06,3.092366549998854519e-01
8.624076000000000000e+06,-4.280391956860616354e-01
8.625012000000000000e+06,5.298103788268874403e+00
8.625948000000000000e+06,5.384345572233772081e+00
8.626880000000000000e+06,1.382475336731295190e+00
8.627816000000000000e+06,1.116890674655539595e+00
8.628752000000000000e+06,8.184108078621173732e+00
8.629688000000000000e+06,6.678922485956722888e+00
8.630620000000000000e+06,2.682186312399395867e+00
8.631556000000000000e+06,-2.597765312292754203e+00
8.632492000000000000e+06,6.637559041614126798e+00
8.633428000000000000e+06,-4.493889719136921812e+00
8.634360000000000000e+06,1.189299809408623076e+01
8.635296000000000000e+06,6.224358731417894752e+00
8.636232000000000000e+06,9.279115821924669438e-01
8.637168000000000000e+06,4.749669943190846233e-01
8.638100000000000000e+06,3.527333533528668408e+00
8.639036000000000000e+06,8.484230268381657281e-01
8.639972000000000000e+06,4.476837229821562403e+00
8.640908000000000000e+06,4.410961213258919322e+00
8.641840000000000000e+06,6.039881791361885632e+00
8.642776000000000000e+06,4.410961213258919322e+00
8.643712000000000000e+06,-1.682871831731861167e+00
8.644648000000000000e+06,4.145376551183163727e+00
8.645580000000000000e+06,2.283862360070995745e+00
8.646516000000000000e+06,-1.355913305500527022e+00
8.647452000000000000e+06,6.455333177761650276e+00
8.648388000000000000e+06,-4.942964064141326830e+00
8.649320000000000000e+06,1.622529164174956740e-01
8.650256000000000000e+06,-3.253301531420867754e+00
8.651192000000000000e+06,-2.658507266910246081e+00
8.652128000000000000e+06,-2.245306956714014479e+00
8.653060000000000000e+06,2.766177020160761391e+00
8.653996000000000000e+06,8.305591987856155711e+00
8.654932000000000000e+06,9.250285964508484504e-01
8.655868000000000000e+06,1.061716778110008974e+01
8.656800000000000000e+06,4.737287829952166796e+00
8.657736000000000000e+06,2.745179343220419899e+00
8.658672000000000000e+06,5.134624525153208552e+00
8.659608000000000000e+06,1.486403776258370946e-01
8.660540000000000000e+06,-5.352786565913006944e-01
8.661476000000000000e+06,-4.513268229411817600e+00
8.662412000000000000e+06,2.637939882315181173e+00
8.663348000000000000e+06,4.252616012088402897e+00
8.664280000000000000e+06,-4.681249644934548648e+00
8.665216000000000000e+06,5.762303757159918050e+00
8.666152000000000000e+06,3.382600871149810562e+00
8.667088000000000000e+06,4.824161523455151368e+00
8.668020000000000000e+06,9.279115821924669438e-01
8.668956000000000000e+06,6.291853914645982648e+00
8.669892000000000000e+06,5.256108434388192308e+00
8.670828000000000000e+06,-4.492270552471476108e+00
8.671760000000000000e+06,5.239612909854915124e+00
8.672696000000000000e+06,2.166880603243075853e+00
8.673632000000000000e+06,7.836151875449497872e+00
8.674568000000000000e+06,2.348474557557465481e+00
8.675500000000000000e+06,-4.613754461706459864e+00
8.676436000000000000e+06,1.467097954030746942e+00
8.677372000000000000e+06,-1.564270908238495350e+00
8.678308000000000000e+06,7.525688873751440688e+00
8.679240000000000000e+06,5.073882570535715786e+00
8.680176000000000000e+06,5.050633817391842584e+00
8.681112000000000000e+06,3.632321918230375424e+00
8.682048000000000000e+06,-3.234554930684058416e+00
8.682980000000000000e+06,8.274253498978243471e-01
8.683916000000000000e+06,1.650154988465507344e+01
8.684852000000000000e+06,1.420196746353735762e+01
8.685788000000000000e+06,5.589577020804502583e-01
8.686720000000000000e+06,1.464214968289128560e+00
8.687656000000000000e+06,5.197617555974233028e+00
8.688592000000000000e+06,3.699786096173776073e-01
8.689528000000000000e+06,4.326970505497553354e+00
8.690460000000000000e+06,5.484831804528415233e+00
8.691396000000000000e+06,6.966136734510906869e+00
8.692332000000000000e+06,3.009144838630729790e+00
8.693268000000000000e+06,2.285481526736441449e+00
8.694200000000000000e+06,4.168625304327036929e+00
8.695136000000000000e+06,-1.027229618086284368e+01
8.696072000000000000e+06,-1.790111292637100115e+00
8.697008000000000000e+06,2.601078590379648947e+00
8.697940000000000000e+06,5.773665219748044031e+00
8.698876000000000000e+06,4.639684583399142248e+00
8.699812000000000000e+06,2.432465265318831449e+00
8.700748000000000000e+06,2.252459472385198724e-01
8.701680000000000000e+06,4.326970505497553354e+00
8.702616000000000000e+06,3.135130900272778298e+00
8.703552000000000000e+06,3.506335856588327360e+00
8.704488000000000000e+06,1.200881382416905119e+00
8.705420000000000000e+06,-3.583656243017130372e-02
8.706356000000000000e+06,2.600446680841562497e+00
8.707292000000000000e+06,3.855279316887362029e+00
8.708228000000000000e+06,5.895149128983028675e+00
8.709160000000000000e+06,2.064143294744900547e+00
8.710096000000000000e+06,4.557944951841308878e+00
8.711032000000000000e+06,2.430214189115298851e+00
8.711968000000000000e+06,2.413718664582021667e+00
8.712900000000000000e+06,2.348474557557465481e+00
8.713836000000000000e+06,-6.761850991834725377e+00
8.714772000000000000e+06,1.674676877932857622e+01
8.715708000000000000e+06,4.926898831953326230e+00
8.716640000000000000e+06,-6.402670412930077104e-01
8.717576000000000000e+06,4.562203935822752854e-01
8.718512000000000000e+06,1.177632629273031695e+00
8.719448000000000000e+06,4.639684583399142248e+00
8.720380000000000000e+06,5.650562143847614571e+00
8.721316000000000000e+06,5.008638463511159600e+00
8.722252000000000000e+06,5.379600251401088773e-01
8.723188000000000000e+06,-5.507650265327011851e+00
8.724120000000000000e+06,1.543071614105343548e+00
8.725056000000000000e+06,8.039375416242314998e+00
8.725992000000000000e+06,-5.944371600847819792e-04
8.726928000000000000e+06,2.451211866055640343e+00
8.727860000000000000e+06,3.976763226122346673e+00
8.728796000000000000e+06,3.487589255851517578e+00
8.729732000000000000e+06,5.029636140451501092e+00
8.730668000000000000e+06,5.857655927509409999e+00
8.731600000000000000e+06,-9.252302136436587610e-01
8.732536000000000000e+06,7.832281632580520458e+00
8.733472000000000000e+06,5.008638463511159600e+00
8.734408000000000000e+06,6.432084424617776186e+00
8.735340000000000000e+06,6.987134411451247473e+00
8.736276000000000000e+06,2.042513708266473049e+00
8.737212000000000000e+06,6.165867853003934584e+00
8.738148000000000000e+06,3.482455193906367263e+00
8.739080000000000000e+06,1.177632629273031695e+00
8.740016000000000000e+06,7.854898476186307654e+00
8.740952000000000000e+06,-4.984959418022008926e+00
8.741888000000000000e+06,5.281608263735598108e+00
8.742820000000000000e+06,2.250239401466354483e+00
8.743756000000000000e+06,2.326310853872027296e-01
8.744692000000000000e+06,-1.245788591246472521e+01
8.745628000000000000e+06,2.721930590076546697e+00
8.746560000000000000e+06,4.868407953539366062e+00
8.747496000000000000e+06,8.535934524661827894e+00
8.748432000000000000e+06,1.177632629273031695e+00
8.749368000000000000e+06,5.529078234612629927e+00
8.750300000000000000e+06,1.179152460466422703e+01
8.751236000000000000e+06,5.174368802830358050e+00
8.752172000000000000e+06,5.361096819089898879e+00
8.753108000000000000e+06,1.853534615803400287e+00
8.754040000000000000e+06,9.304476176178415159e+00
8.754976000000000000e+06,4.263977474676529766e+00
8.755912000000000000e+06,4.434209966402792524e+00
8.756848000000000000e+06,8.289096463322881192e+00
8.757780000000000000e+06,4.515949597960625894e+00
8.758716000000000000e+06,4.413212289462451032e+00
8.759652000000000000e+06,2.411467588378489957e+00
8.760588000000000000e+06,5.568822512289781201e+00
8.761520000000000000e+06,2.745179343220419899e+00
8.762456000000000000e+06,-4.324289136948745060e+00
8.763396000000000000e+06,7.628426182249615550e+00
8.764328000000000000e+06,9.322590867377138935e+00
8.765260000000000000e+06,-9.042325367033174910e-01
8.766196000000000000e+06,7.794156521568814888e+00
8.767132000000000000e+06,5.379843419826708661e+00
8.768068000000000000e+06,4.539693173787431868e-01
8.769000000000000000e+06,5.400209187228963259e+00
8.769936000000000000e+06,2.476711695403046143e+00
8.770872000000000000e+06,2.392720987641680619e+00
8.771808000000000000e+06,7.920142583210863840e+00
8.772740000000000000e+06,9.483819054289273964e+00
8.773676000000000000e+06,7.955384708480949918e+00
8.774612000000000000e+06,1.129658466291016339e+01
8.775548000000000000e+06,5.857655927509409999e+00
8.776480000000000000e+06,3.608441255548415327e+00
8.777416000000000000e+06,7.297597413149303769e+00
8.778352000000000000e+06,6.102242912644824102e+00
8.779288000000000000e+06,4.413212289462451032e+00
8.780220000000000000e+06,1.527207999110152814e+00
8.781156000000000000e+06,4.727159181155525247e-01
8.782092000000000000e+06,1.172853157384320255e+01
8.783028000000000000e+06,8.242598957035133012e+00
8.783960000000000000e+06,1.877527457649013354e-01
8.784904000000000000e+06,8.762406818598517333e+00
8.785832000000000000e+06,2.145251016764647467e+00
8.786768000000000000e+06,3.030142515571071282e+00
8.787700000000000000e+06,-2.855576095107359991e-01
8.788636000000000000e+06,4.929149908156857940e+00
8.789572000000000000e+06,1.551088661792112688e+00
8.790508000000000000e+06,5.424089849910923355e+00
8.791440000000000000e+06,5.176619879033891536e+00
8.792376000000000000e+06,1.467097954030746942e+00
8.793312000000000000e+06,4.772180705226166664e-01
8.794248000000000000e+06,2.245737249059290619e+00
8.795180000000000000e+06,3.353683938853776469e-01
8.796116000000000000e+06,3.072137869451753822e+00
8.797052000000000000e+06,5.649930234309527677e+00
8.797988000000000000e+06,5.112994938674780165e+00
8.798920000000000000e+06,3.255982899969676048e+00
8.799856000000000000e+06,4.700426538016635014e+00
8.800792000000000000e+06,2.661188635459054375e+00
8.801728000000000000e+06,3.258865885711294652e+00
8.802660000000000000e+06,6.432084424617776186e+00
8.803596000000000000e+06,5.976888760540862044e+00
8.804532000000000000e+06,5.563688450344629999e+00
8.805468000000000000e+06,7.434346421364587121e-01
8.806408000000000000e+06,9.196604805735091759e+00
8.807336000000000000e+06,2.310981356083846805e+00
8.808272000000000000e+06,3.069855787963534088e-01
8.809208000000000000e+06,2.474460619199513989e+00
8.810140000000000000e+06,4.263977474676529766e+00
8.811076000000000000e+06,8.762406818598517333e+00
8.812012000000000000e+06,1.193496244268222428e+00
8.812948000000000000e+06,4.662933336543016338e+00
8.813880000000000000e+06,9.633685778613283901e+00
8.814816000000000000e+06,5.418955787965772153e+00
8.815752000000000000e+06,6.558070486259825138e+00
8.816688000000000000e+06,4.868407953539366062e+00
8.817620000000000000e+06,6.224358731417894752e+00
8.818556000000000000e+06,3.979014302325878383e+00
8.819492000000000000e+06,7.999631138565165500e+00
8.820428000000000000e+06,5.008638463511159600e+00
8.821360000000000000e+06,7.775409920832005994e+00
8.822296000000000000e+06,7.955384708480949918e+00
8.823232000000000000e+06,1.869814573125581347e+01
8.824168000000000000e+06,4.473954244079943798e+00
8.825100000000000000e+06,5.379211510288621767e+00
8.826036000000000000e+06,7.155115826973979409e+00
8.826972000000000000e+06,8.472941493840803417e+00
8.827912000000000000e+06,8.391833771821055166e+00
8.828840000000000000e+06,8.352089494143905668e+00
8.829776000000000000e+06,4.203235520059037000e+00
8.830712000000000000e+06,2.252459472385198724e-01
8.831648000000000000e+06,5.526195248871011323e+00
8.832580000000000000e+06,5.832156098162005087e+00
8.833516000000000000e+06,-5.746614890859913505e-02
8.834452000000000000e+06,1.475990043611244751e+01
8.835388000000000000e+06,-1.624380953317901000e+00
8.836320000000000000e+06,6.184614453740743478e+00
8.837256000000000000e+06,4.700426538016635014e+00
8.838192000000000000e+06,2.413718664582021667e+00
8.839128000000000000e+06,4.578942628781650370e+00
8.840060000000000000e+06,5.316218479467597291e+00
8.840996000000000000e+06,2.516455973080196973e+00
8.841932000000000000e+06,1.611198706871518338e+00
8.842868000000000000e+06,5.379600251401088773e-01
8.843800000000000000e+06,1.508461398373343476e+00
8.844736000000000000e+06,8.851531588305032727e+00
8.845672000000000000e+06,4.574440476374586062e+00
8.846608000000000000e+06,3.402966638552065604e+00
8.847540000000000000e+06,7.607428505309274058e+00
8.848476000000000000e+06,4.140242489238012524e+00
8.849416000000000000e+06,5.547192925811352815e+00
8.850348000000000000e+06,1.055255558361361956e+01
8.851280000000000000e+06,1.156003042794603974e+00
8.852216000000000000e+06,2.539704726224070175e+00
8.853152000000000000e+06,4.140242489238012524e+00
8.854088000000000000e+06,7.852647399982775056e+00
8.855020000000000000e+06,9.070618744093042807e+00
8.855956000000000000e+06,7.607428505309274058e+00
8.856892000000000000e+06,7.649423859189957042e+00
8.857828000000000000e+06,2.701242868608212944e-01
8.858760000000000000e+06,2.371723310701339127e+00
8.859696000000000000e+06,1.364360645532572303e+00
8.860632000000000000e+06,6.987134411451247473e+00
8.861568000000000000e+06,8.535934524661827894e+00
8.862500000000000000e+06,8.144363800944022458e+00
8.863436000000000000e+06,-5.232429388899042522e+00
8.864372000000000000e+06,1.501076260224660786e+00
8.865308000000000000e+06,1.678876413320925920e+01
8.866240000000000000e+06,8.186359154824705442e+00
8.867176000000000000e+06,4.968894185834009214e+00
8.868112000000000000e+06,4.989891862774350706e+00
8.869048000000000000e+06,4.452956567139602306e+00
8.869980000000000000e+06,8.265847710179006214e+00
8.870924000000000000e+06,7.670421536130298534e+00
8.871852000000000000e+06,2.455714018462704651e+00
8.872788000000000000e+06,4.847410276599024570e+00
8.873720000000000000e+06,4.148569492396789737e-01
8.874656000000000000e+06,9.114160576591898710e-01
8.875592000000000000e+06,3.381968961611724556e+00
8.876528000000000000e+06,5.815660573628727015e+00
8.877460000000000000e+06,3.303112315795509346e+00
8.878396000000000000e+06,6.518326208582673864e+00
8.879332000000000000e+06,1.693570247967438602e+00
8.880268000000000000e+06,2.432465265318831449e+00
8.881200000000000000e+06,2.348474557557465481e+00
8.882136000000000000e+06,5.071631494332184076e+00
8.883072000000000000e+06,7.113120473093296425e+00
8.884008000000000000e+06,-1.511546001307772391e+00
8.884940000000000000e+06,-3.794107069924593123e+00
8.885876000000000000e+06,5.113626848212867060e+00
8.886812000000000000e+06,5.403092172970581863e+00
8.887748000000000000e+06,4.434209966402792524e+00
8.888680000000000000e+06,5.544941849607821105e+00
8.889616000000000000e+06,5.691925588190210661e+00
8.890552000000000000e+06,6.594439343750930771e-01
8.891488000000000000e+06,6.266354085298577736e+00
8.892428000000000000e+06,4.637433507195610538e+00
8.893356000000000000e+06,7.294714427407685164e+00
8.894292000000000000e+06,2.866663252455404542e+00
8.895228000000000000e+06,3.517065409638367779e+00
8.896160000000000000e+06,5.544941849607821105e+00
8.897096000000000000e+06,4.662933336543016338e+00
8.898032000000000000e+06,9.093867497236916009e+00
8.898968000000000000e+06,1.735565601848121364e+00
8.899900000000000000e+06,5.192134244032995394e-01
8.900836000000000000e+06,9.378830669587566504e+00
8.901772000000000000e+06,1.443217291348787068e+00
8.902708000000000000e+06,1.108885896971028018e+01
8.903640000000000000e+06,3.958016625385536891e+00
8.904576000000000000e+06,8.102368447063339474e+00
8.905512000000000000e+06,4.536947274900967386e+00
8.906448000000000000e+06,3.009144838630729790e+00
8.907380000000000000e+06,7.605177429105742348e+00
8.908316000000000000e+06,7.357707458228709640e+00
8.909252000000000000e+06,6.329347116119601324e+00
8.910188000000000000e+06,6.389457161199007196e+00
8.911120000000000000e+06,4.326970505497553354e+00
8.912056000000000000e+06,4.408710137055387612e+00
8.912992000000000000e+06,3.421713239288875386e+00
8.913932000000000000e+06,1.467097954030746942e+00
8.914860000000000000e+06,2.233268125331171916e+01
8.915796000000000000e+06,1.150205927990651134e+01
8.916732000000000000e+06,9.196604805735091759e+00
8.917668000000000000e+06,5.197617555974233028e+00
8.918600000000000000e+06,1.084589115124031089e+01
8.919536000000000000e+06,5.239612909854915124e+00
8.920472000000000000e+06,5.195366479770699542e+00
8.921408000000000000e+06,7.050127442272271949e+00
8.922340000000000000e+06,1.086688882818065238e+01
8.923276000000000000e+06,1.703848518028982184e+01
8.924212000000000000e+06,1.226258388373633146e+01
8.925148000000000000e+06,1.340331774869583015e+01
8.926080000000000000e+06,8.228354508705388426e+00
8.927016000000000000e+06,1.249292642054200364e+01
8.927952000000000000e+06,6.924141380630223885e+00
8.928888000000000000e+06,8.496822156522762626e+00
8.929820000000000000e+06,2.556200250757347359e+00
8.930756000000000000e+06,6.455333177761650276e+00
8.931692000000000000e+06,1.551088661792112688e+00
8.932628000000000000e+06,5.176619879033891536e+00
8.933560000000000000e+06,1.342593459230161734e+01
8.934496000000000000e+06,9.794913965525417154e+00
8.935436000000000000e+06,1.051443047260191577e+01
8.936368000000000000e+06,5.568190602751694307e+00
8.937300000000000000e+06,1.020234830423841110e+01
8.938236000000000000e+06,9.525814408169956948e+00
8.939172000000000000e+06,5.010889539714692198e+00
8.940108000000000000e+06,4.105632273506012453e+00
8.941040000000000000e+06,4.516581507498711900e+00
8.941976000000000000e+06,2.637939882315181173e+00
8.942912000000000000e+06,5.050633817391842584e+00
8.943848000000000000e+06,4.819027461510001054e+00
8.944780000000000000e+06,8.597308388817404889e+00
8.945716000000000000e+06,7.068874043009080843e+00
8.946652000000000000e+06,5.031887216655033690e+00
8.947588000000000000e+06,5.794662896688385523e+00
8.948520000000000000e+06,1.103036809129632090e+01
8.949456000000000000e+06,7.957635784684482516e+00
8.950392000000000000e+06,9.196604805735091759e+00
8.951328000000000000e+06,3.512320088805682694e-01
8.952260000000000000e+06,7.815154198509156380e+00
8.953196000000000000e+06,4.473954244079943798e+00
8.954132000000000000e+06,3.261116961914826806e+00
8.955068000000000000e+06,5.689674511986678951e+00
8.956000000000000000e+06,5.050633817391842584e+00
8.956944000000000000e+06,6.021135190625077627e+00
8.957872000000000000e+06,4.847410276599024570e+00
8.958808000000000000e+06,9.072869820296574517e+00
8.959740000000000000e+06,1.098612166121210620e+01
8.960676000000000000e+06,1.121259395514879742e+01
8.961612000000000000e+06,5.134624525153208552e+00
8.962548000000000000e+06,8.846397526359881525e+00
8.963480000000000000e+06,4.618054996920714750e+00
8.964416000000000000e+06,5.505829481468756725e+00
8.965352000000000000e+06,1.160479658840468709e+01
8.966288000000000000e+06,5.836658250569068507e+00
8.967220000000000000e+06,2.637939882315181173e+00
8.968156000000000000e+06,6.494445545900713768e+00
8.969092000000000000e+06,5.568822512289781201e+00
8.970028000000000000e+06,1.123359163208913891e+01
8.970960000000000000e+06,5.526195248871011323e+00
8.971896000000000000e+06,4.371216935581768048e+00
8.972832000000000000e+06,3.874657827162257373e+00
8.973768000000000000e+06,5.302605940675939600e+00
8.974700000000000000e+06,1.008086439500342735e+01
8.975636000000000000e+06,7.605177429105742348e+00
8.976572000000000000e+06,6.594931778195356920e+00
8.977508000000000000e+06,5.692557497728297555e+00
8.978448000000000000e+06,4.371216935581768048e+00
8.979376000000000000e+06,1.334032471787480745e+01
8.980312000000000000e+06,5.379211510288621767e+00
8.981248000000000000e+06,9.584305286583916228e+00
8.982180000000000000e+06,5.379843419826708661e+00
8.983116000000000000e+06,1.109111004591381366e+01
8.984052000000000000e+06,1.110137446044943133e+00
8.984988000000000000e+06,9.338454482372329224e+00
8.985920000000000000e+06,8.041626492445848484e+00
8.986856000000000000e+06,5.089746185530906963e+00
8.987792000000000000e+06,3.261116961914826806e+00
8.988728000000000000e+06,2.495458296139855481e+00
8.989660000000000000e+06,7.894642753863458040e+00
8.990596000000000000e+06,5.094248337937971272e+00
8.991532000000000000e+06,1.333807364167127574e+01
8.992468000000000000e+06,1.139932197140833736e+01
8.993400000000000000e+06,1.591938090180875243e+01
8.994336000000000000e+06,8.064276729574828551e-01
8.995272000000000000e+06,-2.471779250650705695e+00
8.996208000000000000e+06,5.460951141846455137e+00
8.997140000000000000e+06,4.515949597960625894e+00
8.998076000000000000e+06,6.783910870658429459e+00
8.999012000000000000e+06,4.639684583399142248e+00
8.999952000000000000e+06,2.721930590076546697e+00
9.000880000000000000e+06,1.337781791934842524e+01
