2.942424000000000000e+06,4.120000000000000000e+02
2.942564000000000000e+06,3.440000000000000000e+02
2.942708000000000000e+06,3.540000000000000000e+02
2.942844000000000000e+06,3.480000000000000000e+02
2.942988000000000000e+06,3.540000000000000000e+02
2.943132000000000000e+06,3.450000000000000000e+02
2.943268000000000000e+06,3.450000000000000000e+02
2.943528000000000000e+06,3.500000000000000000e+02
2.944464000000000000e+06,3.530000000000000000e+02
2.945400000000000000e+06,3.530000000000000000e+02
2.946336000000000000e+06,3.520000000000000000e+02
2.947268000000000000e+06,3.450000000000000000e+02
2.948204000000000000e+06,3.450000000000000000e+02
2.949140000000000000e+06,3.520000000000000000e+02
2.950076000000000000e+06,3.480000000000000000e+02
2.951008000000000000e+06,3.350000000000000000e+02
2.951944000000000000e+06,3.480000000000000000e+02
2.952880000000000000e+06,3.450000000000000000e+02
2.953816000000000000e+06,3.450000000000000000e+02
2.954748000000000000e+06,3.440000000000000000e+02
2.955684000000000000e+06,3.430000000000000000e+02
2.956620000000000000e+06,3.430000000000000000e+02
2.957556000000000000e+06,3.450000000000000000e+02
2.958488000000000000e+06,3.510000000000000000e+02
2.959424000000000000e+06,3.480000000000000000e+02
2.960360000000000000e+06,3.450000000000000000e+02
2.961296000000000000e+06,3.440000000000000000e+02
2.962228000000000000e+06,3.520000000000000000e+02
2.963164000000000000e+06,3.480000000000000000e+02
2.964100000000000000e+06,3.520000000000000000e+02
2.965036000000000000e+06,3.470000000000000000e+02
2.965968000000000000e+06,3.460000000000000000e+02
2.966904000000000000e+06,3.530000000000000000e+02
2.967840000000000000e+06,3.490000000000000000e+02
2.968776000000000000e+06,3.530000000000000000e+02
2.969708000000000000e+06,3.480000000000000000e+02
2.970644000000000000e+06,3.600000000000000000e+02
2.971580000000000000e+06,3.530000000000000000e+02
2.972516000000000000e+06,3.520000000000000000e+02
2.973448000000000000e+06,3.520000000000000000e+02
2.974384000000000000e+06,3.480000000000000000e+02
2.975320000000000000e+06,3.470000000000000000e+02
2.976256000000000000e+06,3.500000000000000000e+02
2.977188000000000000e+06,3.510000000000000000e+02
2.978124000000000000e+06,3.500000000000000000e+02
2.979060000000000000e+06,3.480000000000000000e+02
2.979996000000000000e+06,3.440000000000000000e+02
2.980928000000000000e+06,3.440000000000000000e+02
2.981864000000000000e+06,3.430000000000000000e+02
2.982800000000000000e+06,3.460000000000000000e+02
2.983736000000000000e+06,3.500000000000000000e+02
2.984668000000000000e+06,3.480000000000000000e+02
2.985604000000000000e+06,3.470000000000000000e+02
2.986540000000000000e+06,3.440000000000000000e+02
2.987476000000000000e+06,3.510000000000000000e+02
2.988408000000000000e+06,3.430000000000000000e+02
2.989344000000000000e+06,3.550000000000000000e+02
2.990280000000000000e+06,3.490000000000000000e+02
2.991216000000000000e+06,3.350000000000000000e+02
2.992148000000000000e+06,3.500000000000000000e+02
2.993084000000000000e+06,3.440000000000000000e+02
2.994020000000000000e+06,3.500000000000000000e+02
2.994956000000000000e+06,3.440000000000000000e+02
2.995888000000000000e+06,3.450000000000000000e+02
2.996824000000000000e+06,3.450000000000000000e+02
2.997760000000000000e+06,3.420000000000000000e+02
2.998696000000000000e+06,3.430000000000000000e+02
2.999628000000000000e+06,3.390000000000000000e+02
3.000564000000000000e+06,3.480000000000000000e+02
3.001500000000000000e+06,3.520000000000000000e+02
3.002436000000000000e+06,3.500000000000000000e+02
3.003368000000000000e+06,3.520000000000000000e+02
3.004304000000000000e+06,3.550000000000000000e+02
3.005240000000000000e+06,3.440000000000000000e+02
3.006176000000000000e+06,3.480000000000000000e+02
3.007108000000000000e+06,3.480000000000000000e+02
3.008044000000000000e+06,3.480000000000000000e+02
3.008980000000000000e+06,3.450000000000000000e+02
3.009916000000000000e+06,3.480000000000000000e+02
3.010848000000000000e+06,3.520000000000000000e+02
3.011784000000000000e+06,3.500000000000000000e+02
3.012720000000000000e+06,3.480000000000000000e+02
3.013656000000000000e+06,3.480000000000000000e+02
3.014588000000000000e+06,3.420000000000000000e+02
3.015524000000000000e+06,3.480000000000000000e+02
3.016460000000000000e+06,3.480000000000000000e+02
3.018328000000000000e+06,3.500000000000000000e+02
3.019264000000000000e+06,3.440000000000000000e+02
3.020200000000000000e+06,3.480000000000000000e+02
3.021136000000000000e+06,3.440000000000000000e+02
3.022068000000000000e+06,3.500000000000000000e+02
3.023004000000000000e+06,3.440000000000000000e+02
3.023940000000000000e+06,3.500000000000000000e+02
3.024876000000000000e+06,3.430000000000000000e+02
3.025808000000000000e+06,3.440000000000000000e+02
3.026744000000000000e+06,3.480000000000000000e+02
3.027680000000000000e+06,3.450000000000000000e+02
3.028616000000000000e+06,3.420000000000000000e+02
3.029548000000000000e+06,3.480000000000000000e+02
3.030484000000000000e+06,3.440000000000000000e+02
3.031420000000000000e+06,3.410000000000000000e+02
3.032356000000000000e+06,3.440000000000000000e+02
3.033288000000000000e+06,3.440000000000000000e+02
3.034224000000000000e+06,3.480000000000000000e+02
3.035160000000000000e+06,3.480000000000000000e+02
3.036096000000000000e+06,3.450000000000000000e+02
3.037028000000000000e+06,3.440000000000000000e+02
3.037964000000000000e+06,3.440000000000000000e+02
3.038900000000000000e+06,3.540000000000000000e+02
3.039836000000000000e+06,3.440000000000000000e+02
3.040768000000000000e+06,3.440000000000000000e+02
3.041704000000000000e+06,3.590000000000000000e+02
3.042640000000000000e+06,3.440000000000000000e+02
3.043576000000000000e+06,3.430000000000000000e+02
3.044508000000000000e+06,3.510000000000000000e+02
3.045444000000000000e+06,3.430000000000000000e+02
3.046380000000000000e+06,3.480000000000000000e+02
3.047316000000000000e+06,3.490000000000000000e+02
3.048248000000000000e+06,3.450000000000000000e+02
3.049184000000000000e+06,3.440000000000000000e+02
3.050120000000000000e+06,3.480000000000000000e+02
3.051056000000000000e+06,3.470000000000000000e+02
3.051988000000000000e+06,3.440000000000000000e+02
3.052924000000000000e+06,3.500000000000000000e+02
3.053860000000000000e+06,3.440000000000000000e+02
3.054796000000000000e+06,3.430000000000000000e+02
3.055728000000000000e+06,3.400000000000000000e+02
3.056664000000000000e+06,3.510000000000000000e+02
3.057600000000000000e+06,3.500000000000000000e+02
3.058536000000000000e+06,3.440000000000000000e+02
3.059468000000000000e+06,3.510000000000000000e+02
3.060404000000000000e+06,3.450000000000000000e+02
3.061340000000000000e+06,3.450000000000000000e+02
3.062276000000000000e+06,3.410000000000000000e+02
3.063208000000000000e+06,3.440000000000000000e+02
3.064144000000000000e+06,3.480000000000000000e+02
3.065080000000000000e+06,3.470000000000000000e+02
3.066016000000000000e+06,3.440000000000000000e+02
3.066948000000000000e+06,3.480000000000000000e+02
3.067884000000000000e+06,3.390000000000000000e+02
3.068820000000000000e+06,3.410000000000000000e+02
3.069756000000000000e+06,3.350000000000000000e+02
3.070688000000000000e+06,3.350000000000000000e+02
3.071624000000000000e+06,3.460000000000000000e+02
3.072560000000000000e+06,3.420000000000000000e+02
3.073496000000000000e+06,3.460000000000000000e+02
3.074428000000000000e+06,3.440000000000000000e+02
3.075364000000000000e+06,3.440000000000000000e+02
3.076300000000000000e+06,3.480000000000000000e+02
3.077236000000000000e+06,3.440000000000000000e+02
3.078168000000000000e+06,3.480000000000000000e+02
3.079104000000000000e+06,3.510000000000000000e+02
3.080040000000000000e+06,3.510000000000000000e+02
3.080976000000000000e+06,3.450000000000000000e+02
3.081908000000000000e+06,3.480000000000000000e+02
3.083780000000000000e+06,3.420000000000000000e+02
3.084716000000000000e+06,3.500000000000000000e+02
3.085648000000000000e+06,3.440000000000000000e+02
3.086584000000000000e+06,3.440000000000000000e+02
3.087520000000000000e+06,3.440000000000000000e+02
3.088456000000000000e+06,3.420000000000000000e+02
3.089388000000000000e+06,3.480000000000000000e+02
3.090324000000000000e+06,3.390000000000000000e+02
3.091260000000000000e+06,3.450000000000000000e+02
3.092196000000000000e+06,3.480000000000000000e+02
3.093128000000000000e+06,3.480000000000000000e+02
3.094064000000000000e+06,3.480000000000000000e+02
3.095000000000000000e+06,3.510000000000000000e+02
3.095936000000000000e+06,3.450000000000000000e+02
3.096868000000000000e+06,3.440000000000000000e+02
3.097804000000000000e+06,3.520000000000000000e+02
3.098740000000000000e+06,3.480000000000000000e+02
3.099676000000000000e+06,3.480000000000000000e+02
3.100608000000000000e+06,3.500000000000000000e+02
3.101544000000000000e+06,3.440000000000000000e+02
3.102480000000000000e+06,3.500000000000000000e+02
3.103416000000000000e+06,3.450000000000000000e+02
3.104348000000000000e+06,3.440000000000000000e+02
3.105284000000000000e+06,3.420000000000000000e+02
3.106220000000000000e+06,3.400000000000000000e+02
3.107156000000000000e+06,3.490000000000000000e+02
3.108088000000000000e+06,3.470000000000000000e+02
3.109024000000000000e+06,3.440000000000000000e+02
3.109960000000000000e+06,3.550000000000000000e+02
3.110896000000000000e+06,3.520000000000000000e+02
3.111828000000000000e+06,3.430000000000000000e+02
3.112764000000000000e+06,3.480000000000000000e+02
3.113700000000000000e+06,3.440000000000000000e+02
3.114636000000000000e+06,3.480000000000000000e+02
3.115568000000000000e+06,3.470000000000000000e+02
3.116504000000000000e+06,3.500000000000000000e+02
3.117440000000000000e+06,3.470000000000000000e+02
3.118376000000000000e+06,3.480000000000000000e+02
3.119308000000000000e+06,3.500000000000000000e+02
3.120244000000000000e+06,3.440000000000000000e+02
3.121180000000000000e+06,3.440000000000000000e+02
3.122116000000000000e+06,3.450000000000000000e+02
3.123048000000000000e+06,3.440000000000000000e+02
3.123984000000000000e+06,3.450000000000000000e+02
3.124920000000000000e+06,3.470000000000000000e+02
3.125856000000000000e+06,3.440000000000000000e+02
3.126788000000000000e+06,3.480000000000000000e+02
3.127724000000000000e+06,3.440000000000000000e+02
3.128660000000000000e+06,3.480000000000000000e+02
3.129596000000000000e+06,3.450000000000000000e+02
3.130528000000000000e+06,3.440000000000000000e+02
3.131464000000000000e+06,3.500000000000000000e+02
3.132400000000000000e+06,3.450000000000000000e+02
3.133336000000000000e+06,3.450000000000000000e+02
3.134268000000000000e+06,3.490000000000000000e+02
3.135204000000000000e+06,3.440000000000000000e+02
3.136140000000000000e+06,3.510000000000000000e+02
3.137076000000000000e+06,3.450000000000000000e+02
3.138008000000000000e+06,3.440000000000000000e+02
3.138944000000000000e+06,3.530000000000000000e+02
3.139880000000000000e+06,3.440000000000000000e+02
3.140816000000000000e+06,3.440000000000000000e+02
3.141748000000000000e+06,3.470000000000000000e+02
3.142684000000000000e+06,3.500000000000000000e+02
3.143620000000000000e+06,3.450000000000000000e+02
3.144556000000000000e+06,3.490000000000000000e+02
3.145488000000000000e+06,3.430000000000000000e+02
3.146424000000000000e+06,3.440000000000000000e+02
3.147360000000000000e+06,3.480000000000000000e+02
3.149228000000000000e+06,3.460000000000000000e+02
3.150164000000000000e+06,3.490000000000000000e+02
3.151100000000000000e+06,3.520000000000000000e+02
3.152036000000000000e+06,3.440000000000000000e+02
3.152968000000000000e+06,3.470000000000000000e+02
3.153904000000000000e+06,3.410000000000000000e+02
3.154840000000000000e+06,3.470000000000000000e+02
3.155776000000000000e+06,3.490000000000000000e+02
3.156708000000000000e+06,3.500000000000000000e+02
3.157644000000000000e+06,3.470000000000000000e+02
3.158580000000000000e+06,3.470000000000000000e+02
3.159516000000000000e+06,3.430000000000000000e+02
3.160448000000000000e+06,3.450000000000000000e+02
3.161384000000000000e+06,3.480000000000000000e+02
3.162320000000000000e+06,3.460000000000000000e+02
3.163256000000000000e+06,3.450000000000000000e+02
3.164188000000000000e+06,3.470000000000000000e+02
3.165124000000000000e+06,3.450000000000000000e+02
3.166060000000000000e+06,3.500000000000000000e+02
3.166996000000000000e+06,3.500000000000000000e+02
3.167928000000000000e+06,3.440000000000000000e+02
3.168864000000000000e+06,3.430000000000000000e+02
3.169800000000000000e+06,3.480000000000000000e+02
3.170736000000000000e+06,3.550000000000000000e+02
3.171668000000000000e+06,3.520000000000000000e+02
3.172604000000000000e+06,3.480000000000000000e+02
3.173540000000000000e+06,3.510000000000000000e+02
3.174476000000000000e+06,3.530000000000000000e+02
3.175408000000000000e+06,3.480000000000000000e+02
3.176344000000000000e+06,3.480000000000000000e+02
3.177280000000000000e+06,3.470000000000000000e+02
3.178216000000000000e+06,3.520000000000000000e+02
3.179148000000000000e+06,3.480000000000000000e+02
3.180084000000000000e+06,3.510000000000000000e+02
3.181020000000000000e+06,3.480000000000000000e+02
3.181956000000000000e+06,3.440000000000000000e+02
3.182888000000000000e+06,3.470000000000000000e+02
3.183824000000000000e+06,3.440000000000000000e+02
3.184760000000000000e+06,3.480000000000000000e+02
3.185696000000000000e+06,3.450000000000000000e+02
3.186628000000000000e+06,3.440000000000000000e+02
3.187564000000000000e+06,3.450000000000000000e+02
3.188500000000000000e+06,3.500000000000000000e+02
3.189436000000000000e+06,3.440000000000000000e+02
3.190368000000000000e+06,3.390000000000000000e+02
3.191304000000000000e+06,3.440000000000000000e+02
3.192240000000000000e+06,3.450000000000000000e+02
3.193176000000000000e+06,3.480000000000000000e+02
3.194108000000000000e+06,3.500000000000000000e+02
3.195044000000000000e+06,3.480000000000000000e+02
3.195980000000000000e+06,3.440000000000000000e+02
3.196916000000000000e+06,3.480000000000000000e+02
3.197848000000000000e+06,3.470000000000000000e+02
3.198784000000000000e+06,3.440000000000000000e+02
3.199720000000000000e+06,3.500000000000000000e+02
3.200656000000000000e+06,3.550000000000000000e+02
3.201588000000000000e+06,3.580000000000000000e+02
3.202524000000000000e+06,3.440000000000000000e+02
3.203460000000000000e+06,3.480000000000000000e+02
3.204396000000000000e+06,3.430000000000000000e+02
3.205328000000000000e+06,3.440000000000000000e+02
3.206264000000000000e+06,3.400000000000000000e+02
3.207200000000000000e+06,3.500000000000000000e+02
3.208136000000000000e+06,3.440000000000000000e+02
3.209068000000000000e+06,3.500000000000000000e+02
3.210004000000000000e+06,3.510000000000000000e+02
3.210940000000000000e+06,3.480000000000000000e+02
3.211876000000000000e+06,3.480000000000000000e+02
3.212808000000000000e+06,3.480000000000000000e+02
3.213744000000000000e+06,3.480000000000000000e+02
3.214680000000000000e+06,3.480000000000000000e+02
3.215616000000000000e+06,3.480000000000000000e+02
3.216548000000000000e+06,3.440000000000000000e+02
3.217484000000000000e+06,3.480000000000000000e+02
3.218420000000000000e+06,3.490000000000000000e+02
3.219356000000000000e+06,3.480000000000000000e+02
3.220288000000000000e+06,3.470000000000000000e+02
3.221224000000000000e+06,3.610000000000000000e+02
3.222160000000000000e+06,3.520000000000000000e+02
3.223096000000000000e+06,3.520000000000000000e+02
3.224028000000000000e+06,3.480000000000000000e+02
3.224964000000000000e+06,3.450000000000000000e+02
3.225900000000000000e+06,3.510000000000000000e+02
3.226836000000000000e+06,3.470000000000000000e+02
3.227768000000000000e+06,3.480000000000000000e+02
3.228704000000000000e+06,3.500000000000000000e+02
3.229640000000000000e+06,3.530000000000000000e+02
3.230576000000000000e+06,3.450000000000000000e+02
3.231508000000000000e+06,3.480000000000000000e+02
3.232444000000000000e+06,3.510000000000000000e+02
3.233380000000000000e+06,3.450000000000000000e+02
3.234316000000000000e+06,3.500000000000000000e+02
3.235248000000000000e+06,3.480000000000000000e+02
3.236184000000000000e+06,3.440000000000000000e+02
3.237120000000000000e+06,3.440000000000000000e+02
3.238056000000000000e+06,3.440000000000000000e+02
3.238988000000000000e+06,3.450000000000000000e+02
3.239924000000000000e+06,3.400000000000000000e+02
3.240860000000000000e+06,3.490000000000000000e+02
3.241796000000000000e+06,3.520000000000000000e+02
3.242728000000000000e+06,3.450000000000000000e+02
3.243664000000000000e+06,3.500000000000000000e+02
3.244600000000000000e+06,3.500000000000000000e+02
3.245536000000000000e+06,3.480000000000000000e+02
3.246468000000000000e+06,3.480000000000000000e+02
3.247404000000000000e+06,3.450000000000000000e+02
3.248340000000000000e+06,3.520000000000000000e+02
3.249276000000000000e+06,3.500000000000000000e+02
3.250208000000000000e+06,3.470000000000000000e+02
3.251144000000000000e+06,3.420000000000000000e+02
3.252080000000000000e+06,3.500000000000000000e+02
3.253016000000000000e+06,3.470000000000000000e+02
3.253948000000000000e+06,3.440000000000000000e+02
3.254884000000000000e+06,3.480000000000000000e+02
3.255820000000000000e+06,3.530000000000000000e+02
3.256756000000000000e+06,3.480000000000000000e+02
3.257688000000000000e+06,3.480000000000000000e+02
3.258624000000000000e+06,3.450000000000000000e+02
3.259560000000000000e+06,3.470000000000000000e+02
3.260496000000000000e+06,3.450000000000000000e+02
3.261428000000000000e+06,3.560000000000000000e+02
3.262364000000000000e+06,3.480000000000000000e+02
3.263300000000000000e+06,3.490000000000000000e+02
3.264236000000000000e+06,3.470000000000000000e+02
3.265168000000000000e+06,3.480000000000000000e+02
3.266104000000000000e+06,3.480000000000000000e+02
3.267040000000000000e+06,3.510000000000000000e+02
3.267976000000000000e+06,3.520000000000000000e+02
3.268908000000000000e+06,3.450000000000000000e+02
3.269844000000000000e+06,3.520000000000000000e+02
3.270780000000000000e+06,3.440000000000000000e+02
3.271716000000000000e+06,3.450000000000000000e+02
3.272648000000000000e+06,3.480000000000000000e+02
3.273584000000000000e+06,3.480000000000000000e+02
3.274520000000000000e+06,3.470000000000000000e+02
3.275456000000000000e+06,3.480000000000000000e+02
3.276388000000000000e+06,3.500000000000000000e+02
3.277324000000000000e+06,3.470000000000000000e+02
3.278260000000000000e+06,3.490000000000000000e+02
3.279196000000000000e+06,3.510000000000000000e+02
3.280128000000000000e+06,3.480000000000000000e+02
3.281064000000000000e+06,3.480000000000000000e+02
3.282000000000000000e+06,3.450000000000000000e+02
3.282936000000000000e+06,3.480000000000000000e+02
3.283868000000000000e+06,3.470000000000000000e+02
3.284804000000000000e+06,3.480000000000000000e+02
3.285740000000000000e+06,3.460000000000000000e+02
3.286676000000000000e+06,3.520000000000000000e+02
3.287608000000000000e+06,3.520000000000000000e+02
3.288544000000000000e+06,3.430000000000000000e+02
3.289480000000000000e+06,3.450000000000000000e+02
3.290416000000000000e+06,3.630000000000000000e+02
3.291348000000000000e+06,3.520000000000000000e+02
3.292284000000000000e+06,3.450000000000000000e+02
3.293220000000000000e+06,3.510000000000000000e+02
3.294156000000000000e+06,3.470000000000000000e+02
3.295088000000000000e+06,3.440000000000000000e+02
3.296024000000000000e+06,3.440000000000000000e+02
3.296960000000000000e+06,3.450000000000000000e+02
3.297896000000000000e+06,3.460000000000000000e+02
3.298828000000000000e+06,3.520000000000000000e+02
3.299764000000000000e+06,3.500000000000000000e+02
3.300700000000000000e+06,3.470000000000000000e+02
3.301636000000000000e+06,3.540000000000000000e+02
3.302568000000000000e+06,3.510000000000000000e+02
3.303504000000000000e+06,3.440000000000000000e+02
3.304440000000000000e+06,3.460000000000000000e+02
3.305376000000000000e+06,3.520000000000000000e+02
3.306308000000000000e+06,3.520000000000000000e+02
3.307244000000000000e+06,3.480000000000000000e+02
3.308180000000000000e+06,3.480000000000000000e+02
3.309116000000000000e+06,3.500000000000000000e+02
3.310048000000000000e+06,3.500000000000000000e+02
3.310984000000000000e+06,3.520000000000000000e+02
3.311920000000000000e+06,3.450000000000000000e+02
3.312856000000000000e+06,3.450000000000000000e+02
3.313788000000000000e+06,3.480000000000000000e+02
3.314724000000000000e+06,3.480000000000000000e+02
3.315660000000000000e+06,3.450000000000000000e+02
3.316596000000000000e+06,3.510000000000000000e+02
3.317528000000000000e+06,3.480000000000000000e+02
3.318464000000000000e+06,3.480000000000000000e+02
3.319400000000000000e+06,3.520000000000000000e+02
3.320336000000000000e+06,3.480000000000000000e+02
3.321268000000000000e+06,3.480000000000000000e+02
3.322204000000000000e+06,3.440000000000000000e+02
3.323140000000000000e+06,3.440000000000000000e+02
3.324076000000000000e+06,3.430000000000000000e+02
3.325008000000000000e+06,3.450000000000000000e+02
3.325944000000000000e+06,3.480000000000000000e+02
3.326880000000000000e+06,3.550000000000000000e+02
3.327816000000000000e+06,3.520000000000000000e+02
3.328748000000000000e+06,3.500000000000000000e+02
3.329684000000000000e+06,3.470000000000000000e+02
3.330620000000000000e+06,3.580000000000000000e+02
3.331556000000000000e+06,3.450000000000000000e+02
3.332488000000000000e+06,3.450000000000000000e+02
3.333424000000000000e+06,3.490000000000000000e+02
3.334360000000000000e+06,3.480000000000000000e+02
3.335296000000000000e+06,3.450000000000000000e+02
3.336228000000000000e+06,3.510000000000000000e+02
3.337164000000000000e+06,3.440000000000000000e+02
3.338100000000000000e+06,3.460000000000000000e+02
3.339036000000000000e+06,3.490000000000000000e+02
3.339968000000000000e+06,3.520000000000000000e+02
3.340904000000000000e+06,3.520000000000000000e+02
3.341840000000000000e+06,3.520000000000000000e+02
3.342776000000000000e+06,3.470000000000000000e+02
3.343708000000000000e+06,3.480000000000000000e+02
3.344644000000000000e+06,3.440000000000000000e+02
3.345580000000000000e+06,3.480000000000000000e+02
3.346516000000000000e+06,3.510000000000000000e+02
3.347448000000000000e+06,3.450000000000000000e+02
3.348384000000000000e+06,3.450000000000000000e+02
3.349320000000000000e+06,3.500000000000000000e+02
3.350256000000000000e+06,3.450000000000000000e+02
3.351188000000000000e+06,3.480000000000000000e+02
3.352124000000000000e+06,3.470000000000000000e+02
3.353060000000000000e+06,3.500000000000000000e+02
3.353996000000000000e+06,3.470000000000000000e+02
3.354928000000000000e+06,3.480000000000000000e+02
3.355864000000000000e+06,3.470000000000000000e+02
3.356800000000000000e+06,3.530000000000000000e+02
3.357736000000000000e+06,3.520000000000000000e+02
3.358668000000000000e+06,3.480000000000000000e+02
3.359604000000000000e+06,3.520000000000000000e+02
3.360540000000000000e+06,3.520000000000000000e+02
3.361476000000000000e+06,3.480000000000000000e+02
3.362408000000000000e+06,3.450000000000000000e+02
3.363344000000000000e+06,3.440000000000000000e+02
3.364280000000000000e+06,3.440000000000000000e+02
3.365216000000000000e+06,3.510000000000000000e+02
3.366148000000000000e+06,3.450000000000000000e+02
3.367084000000000000e+06,3.440000000000000000e+02
3.368020000000000000e+06,3.440000000000000000e+02
3.368956000000000000e+06,3.480000000000000000e+02
3.369888000000000000e+06,3.560000000000000000e+02
3.370824000000000000e+06,3.350000000000000000e+02
3.371760000000000000e+06,3.350000000000000000e+02
3.372696000000000000e+06,3.470000000000000000e+02
3.373628000000000000e+06,3.480000000000000000e+02
3.374564000000000000e+06,3.500000000000000000e+02
3.375500000000000000e+06,3.470000000000000000e+02
3.376436000000000000e+06,3.440000000000000000e+02
3.377368000000000000e+06,3.440000000000000000e+02
3.378304000000000000e+06,3.440000000000000000e+02
3.379240000000000000e+06,3.470000000000000000e+02
3.380176000000000000e+06,3.440000000000000000e+02
3.381108000000000000e+06,3.480000000000000000e+02
3.382044000000000000e+06,3.420000000000000000e+02
3.382980000000000000e+06,3.440000000000000000e+02
3.383916000000000000e+06,3.440000000000000000e+02
3.384848000000000000e+06,3.420000000000000000e+02
3.385784000000000000e+06,3.440000000000000000e+02
3.386720000000000000e+06,3.450000000000000000e+02
3.387656000000000000e+06,3.510000000000000000e+02
3.388588000000000000e+06,3.390000000000000000e+02
3.389524000000000000e+06,3.410000000000000000e+02
3.390460000000000000e+06,3.430000000000000000e+02
3.391396000000000000e+06,3.430000000000000000e+02
3.392328000000000000e+06,3.420000000000000000e+02
3.393264000000000000e+06,3.500000000000000000e+02
3.394200000000000000e+06,3.390000000000000000e+02
3.395136000000000000e+06,3.450000000000000000e+02
3.396068000000000000e+06,3.440000000000000000e+02
3.397004000000000000e+06,3.400000000000000000e+02
3.397940000000000000e+06,3.470000000000000000e+02
3.398876000000000000e+06,3.400000000000000000e+02
3.399808000000000000e+06,3.400000000000000000e+02
3.400744000000000000e+06,3.400000000000000000e+02
3.401680000000000000e+06,3.430000000000000000e+02
3.402616000000000000e+06,3.500000000000000000e+02
3.403548000000000000e+06,3.500000000000000000e+02
3.404484000000000000e+06,3.440000000000000000e+02
3.405420000000000000e+06,3.390000000000000000e+02
3.406356000000000000e+06,3.430000000000000000e+02
3.407288000000000000e+06,3.440000000000000000e+02
3.408224000000000000e+06,3.440000000000000000e+02
3.409160000000000000e+06,3.450000000000000000e+02
3.410096000000000000e+06,3.400000000000000000e+02
3.411028000000000000e+06,3.420000000000000000e+02
3.411964000000000000e+06,3.430000000000000000e+02
3.412900000000000000e+06,3.420000000000000000e+02
3.413836000000000000e+06,3.440000000000000000e+02
3.414768000000000000e+06,3.440000000000000000e+02
3.415704000000000000e+06,3.470000000000000000e+02
3.416640000000000000e+06,3.470000000000000000e+02
3.417576000000000000e+06,3.400000000000000000e+02
3.418508000000000000e+06,3.420000000000000000e+02
3.419444000000000000e+06,3.480000000000000000e+02
3.420380000000000000e+06,3.480000000000000000e+02
3.421316000000000000e+06,3.430000000000000000e+02
3.422248000000000000e+06,3.440000000000000000e+02
3.423184000000000000e+06,3.390000000000000000e+02
3.424120000000000000e+06,3.470000000000000000e+02
3.425056000000000000e+06,3.390000000000000000e+02
3.425988000000000000e+06,3.440000000000000000e+02
3.426924000000000000e+06,3.410000000000000000e+02
3.427860000000000000e+06,3.440000000000000000e+02
3.428796000000000000e+06,3.440000000000000000e+02
3.429728000000000000e+06,3.440000000000000000e+02
3.430664000000000000e+06,3.470000000000000000e+02
3.431600000000000000e+06,3.420000000000000000e+02
3.432536000000000000e+06,3.400000000000000000e+02
3.433468000000000000e+06,3.370000000000000000e+02
3.434404000000000000e+06,3.440000000000000000e+02
3.435340000000000000e+06,3.430000000000000000e+02
3.436276000000000000e+06,3.440000000000000000e+02
3.437208000000000000e+06,3.430000000000000000e+02
3.438144000000000000e+06,3.480000000000000000e+02
3.439080000000000000e+06,3.350000000000000000e+02
3.440016000000000000e+06,3.410000000000000000e+02
3.440948000000000000e+06,3.440000000000000000e+02
3.441884000000000000e+06,3.390000000000000000e+02
3.442820000000000000e+06,3.440000000000000000e+02
3.443756000000000000e+06,3.390000000000000000e+02
3.444688000000000000e+06,3.420000000000000000e+02
3.445624000000000000e+06,3.370000000000000000e+02
3.446560000000000000e+06,3.430000000000000000e+02
3.447496000000000000e+06,3.430000000000000000e+02
3.448428000000000000e+06,3.390000000000000000e+02
3.449364000000000000e+06,3.390000000000000000e+02
3.450300000000000000e+06,3.340000000000000000e+02
3.451236000000000000e+06,3.310000000000000000e+02
3.452168000000000000e+06,3.420000000000000000e+02
3.453104000000000000e+06,3.400000000000000000e+02
3.454040000000000000e+06,3.350000000000000000e+02
3.454976000000000000e+06,3.370000000000000000e+02
3.455908000000000000e+06,3.420000000000000000e+02
3.456844000000000000e+06,3.390000000000000000e+02
3.457780000000000000e+06,3.390000000000000000e+02
3.458716000000000000e+06,3.390000000000000000e+02
3.459648000000000000e+06,3.370000000000000000e+02
3.460584000000000000e+06,3.350000000000000000e+02
3.461520000000000000e+06,3.390000000000000000e+02
3.462456000000000000e+06,3.400000000000000000e+02
3.463388000000000000e+06,3.420000000000000000e+02
3.464324000000000000e+06,3.380000000000000000e+02
3.465260000000000000e+06,3.390000000000000000e+02
3.466196000000000000e+06,3.370000000000000000e+02
3.467128000000000000e+06,3.350000000000000000e+02
3.468064000000000000e+06,3.350000000000000000e+02
3.469000000000000000e+06,3.390000000000000000e+02
3.469936000000000000e+06,3.400000000000000000e+02
3.470868000000000000e+06,3.290000000000000000e+02
3.471804000000000000e+06,3.370000000000000000e+02
3.472740000000000000e+06,3.390000000000000000e+02
3.473676000000000000e+06,3.420000000000000000e+02
3.474608000000000000e+06,3.400000000000000000e+02
3.475544000000000000e+06,3.320000000000000000e+02
3.476484000000000000e+06,3.350000000000000000e+02
3.477416000000000000e+06,3.360000000000000000e+02
3.478348000000000000e+06,3.230000000000000000e+02
3.479284000000000000e+06,3.260000000000000000e+02
3.480220000000000000e+06,3.370000000000000000e+02
3.481156000000000000e+06,3.500000000000000000e+02
3.482088000000000000e+06,3.470000000000000000e+02
3.483024000000000000e+06,3.410000000000000000e+02
3.483960000000000000e+06,3.340000000000000000e+02
3.484896000000000000e+06,3.320000000000000000e+02
3.485828000000000000e+06,3.370000000000000000e+02
3.486764000000000000e+06,3.370000000000000000e+02
3.487700000000000000e+06,3.390000000000000000e+02
3.488636000000000000e+06,3.350000000000000000e+02
3.489568000000000000e+06,3.440000000000000000e+02
3.490504000000000000e+06,3.400000000000000000e+02
3.491440000000000000e+06,3.440000000000000000e+02
3.492376000000000000e+06,3.400000000000000000e+02
3.493308000000000000e+06,3.390000000000000000e+02
3.494244000000000000e+06,3.420000000000000000e+02
3.495180000000000000e+06,3.350000000000000000e+02
3.496116000000000000e+06,3.370000000000000000e+02
3.497048000000000000e+06,3.390000000000000000e+02
3.497992000000000000e+06,3.400000000000000000e+02
3.498920000000000000e+06,3.430000000000000000e+02
3.499856000000000000e+06,3.470000000000000000e+02
3.500788000000000000e+06,3.430000000000000000e+02
3.501724000000000000e+06,3.390000000000000000e+02
3.502660000000000000e+06,3.350000000000000000e+02
3.503596000000000000e+06,3.390000000000000000e+02
3.504528000000000000e+06,3.350000000000000000e+02
3.505464000000000000e+06,3.440000000000000000e+02
3.506400000000000000e+06,3.430000000000000000e+02
3.507336000000000000e+06,3.400000000000000000e+02
3.508268000000000000e+06,3.350000000000000000e+02
3.509204000000000000e+06,3.370000000000000000e+02
3.510140000000000000e+06,3.390000000000000000e+02
3.511076000000000000e+06,3.340000000000000000e+02
3.512008000000000000e+06,3.360000000000000000e+02
3.512944000000000000e+06,3.350000000000000000e+02
3.513880000000000000e+06,3.370000000000000000e+02
3.514816000000000000e+06,3.360000000000000000e+02
3.515748000000000000e+06,3.350000000000000000e+02
3.516684000000000000e+06,3.350000000000000000e+02
3.517620000000000000e+06,3.390000000000000000e+02
3.518556000000000000e+06,3.340000000000000000e+02
3.519496000000000000e+06,3.400000000000000000e+02
3.520424000000000000e+06,3.270000000000000000e+02
3.521360000000000000e+06,3.440000000000000000e+02
3.522296000000000000e+06,3.350000000000000000e+02
3.523228000000000000e+06,3.430000000000000000e+02
3.524164000000000000e+06,3.350000000000000000e+02
3.525100000000000000e+06,3.390000000000000000e+02
3.526036000000000000e+06,3.400000000000000000e+02
3.526968000000000000e+06,3.410000000000000000e+02
3.527904000000000000e+06,3.390000000000000000e+02
3.528840000000000000e+06,3.400000000000000000e+02
3.529776000000000000e+06,3.450000000000000000e+02
3.530708000000000000e+06,3.390000000000000000e+02
3.531644000000000000e+06,3.450000000000000000e+02
3.532580000000000000e+06,3.470000000000000000e+02
3.533516000000000000e+06,3.520000000000000000e+02
3.534448000000000000e+06,3.400000000000000000e+02
3.535384000000000000e+06,3.420000000000000000e+02
3.536320000000000000e+06,3.440000000000000000e+02
3.537256000000000000e+06,3.400000000000000000e+02
3.538188000000000000e+06,3.350000000000000000e+02
3.539124000000000000e+06,3.430000000000000000e+02
3.540060000000000000e+06,3.420000000000000000e+02
3.541000000000000000e+06,3.440000000000000000e+02
3.541928000000000000e+06,3.550000000000000000e+02
3.542864000000000000e+06,3.440000000000000000e+02
3.543800000000000000e+06,3.370000000000000000e+02
3.544736000000000000e+06,3.350000000000000000e+02
3.545668000000000000e+06,3.400000000000000000e+02
3.546604000000000000e+06,3.480000000000000000e+02
3.547540000000000000e+06,3.570000000000000000e+02
3.548476000000000000e+06,3.490000000000000000e+02
3.549408000000000000e+06,3.390000000000000000e+02
3.550344000000000000e+06,3.350000000000000000e+02
3.551280000000000000e+06,3.290000000000000000e+02
3.552216000000000000e+06,3.450000000000000000e+02
3.553148000000000000e+06,3.510000000000000000e+02
3.554084000000000000e+06,3.630000000000000000e+02
3.555020000000000000e+06,3.550000000000000000e+02
3.555956000000000000e+06,3.500000000000000000e+02
3.556888000000000000e+06,3.450000000000000000e+02
3.557824000000000000e+06,3.600000000000000000e+02
3.558760000000000000e+06,3.420000000000000000e+02
3.559696000000000000e+06,3.270000000000000000e+02
3.560628000000000000e+06,3.360000000000000000e+02
3.561564000000000000e+06,3.450000000000000000e+02
3.562504000000000000e+06,3.390000000000000000e+02
3.563436000000000000e+06,3.310000000000000000e+02
3.564368000000000000e+06,3.230000000000000000e+02
3.565304000000000000e+06,3.190000000000000000e+02
3.566240000000000000e+06,3.320000000000000000e+02
3.567176000000000000e+06,3.520000000000000000e+02
3.568108000000000000e+06,3.600000000000000000e+02
3.569044000000000000e+06,3.550000000000000000e+02
3.569980000000000000e+06,3.220000000000000000e+02
3.570916000000000000e+06,3.080000000000000000e+02
3.571848000000000000e+06,3.260000000000000000e+02
3.572784000000000000e+06,3.520000000000000000e+02
3.573720000000000000e+06,3.670000000000000000e+02
3.574656000000000000e+06,3.820000000000000000e+02
3.575588000000000000e+06,3.630000000000000000e+02
3.576524000000000000e+06,3.670000000000000000e+02
3.577460000000000000e+06,3.440000000000000000e+02
3.578396000000000000e+06,3.150000000000000000e+02
3.579328000000000000e+06,3.050000000000000000e+02
3.580264000000000000e+06,3.180000000000000000e+02
3.581200000000000000e+06,3.420000000000000000e+02
3.582136000000000000e+06,3.500000000000000000e+02
3.583068000000000000e+06,3.610000000000000000e+02
3.584012000000000000e+06,3.550000000000000000e+02
3.584940000000000000e+06,3.400000000000000000e+02
3.585876000000000000e+06,3.470000000000000000e+02
3.586808000000000000e+06,3.590000000000000000e+02
3.587744000000000000e+06,3.710000000000000000e+02
3.588680000000000000e+06,3.520000000000000000e+02
3.589616000000000000e+06,3.480000000000000000e+02
3.590548000000000000e+06,3.320000000000000000e+02
3.591484000000000000e+06,3.370000000000000000e+02
3.592420000000000000e+06,3.440000000000000000e+02
3.593356000000000000e+06,3.480000000000000000e+02
3.594288000000000000e+06,3.470000000000000000e+02
3.595224000000000000e+06,3.740000000000000000e+02
3.596160000000000000e+06,3.610000000000000000e+02
3.597096000000000000e+06,3.510000000000000000e+02
3.598028000000000000e+06,3.550000000000000000e+02
3.598964000000000000e+06,3.900000000000000000e+02
3.599900000000000000e+06,3.710000000000000000e+02
3.600836000000000000e+06,3.370000000000000000e+02
3.601768000000000000e+06,3.310000000000000000e+02
3.602704000000000000e+06,3.580000000000000000e+02
3.603640000000000000e+06,3.790000000000000000e+02
3.604576000000000000e+06,3.680000000000000000e+02
3.605516000000000000e+06,3.520000000000000000e+02
3.606444000000000000e+06,3.470000000000000000e+02
3.607380000000000000e+06,3.030000000000000000e+02
3.608316000000000000e+06,2.710000000000000000e+02
3.609248000000000000e+06,2.870000000000000000e+02
3.610184000000000000e+06,3.310000000000000000e+02
3.611120000000000000e+06,3.450000000000000000e+02
3.612056000000000000e+06,3.470000000000000000e+02
3.612988000000000000e+06,3.560000000000000000e+02
3.613924000000000000e+06,3.580000000000000000e+02
3.614860000000000000e+06,3.390000000000000000e+02
3.615796000000000000e+06,3.190000000000000000e+02
3.616728000000000000e+06,3.350000000000000000e+02
3.617664000000000000e+06,3.540000000000000000e+02
3.618600000000000000e+06,3.480000000000000000e+02
3.619536000000000000e+06,3.340000000000000000e+02
3.620468000000000000e+06,3.540000000000000000e+02
3.621404000000000000e+06,3.580000000000000000e+02
3.622340000000000000e+06,3.480000000000000000e+02
3.623276000000000000e+06,3.560000000000000000e+02
3.624208000000000000e+06,3.710000000000000000e+02
3.625144000000000000e+06,3.590000000000000000e+02
3.626080000000000000e+06,3.440000000000000000e+02
3.627020000000000000e+06,3.270000000000000000e+02
3.627948000000000000e+06,3.350000000000000000e+02
3.628884000000000000e+06,3.350000000000000000e+02
3.629820000000000000e+06,3.240000000000000000e+02
3.630756000000000000e+06,3.150000000000000000e+02
3.631688000000000000e+06,3.190000000000000000e+02
3.632624000000000000e+06,3.260000000000000000e+02
3.633560000000000000e+06,3.260000000000000000e+02
3.634496000000000000e+06,3.350000000000000000e+02
3.635428000000000000e+06,3.390000000000000000e+02
3.636364000000000000e+06,3.440000000000000000e+02
3.637300000000000000e+06,3.230000000000000000e+02
3.638236000000000000e+06,3.390000000000000000e+02
3.639168000000000000e+06,3.270000000000000000e+02
3.640104000000000000e+06,3.400000000000000000e+02
3.641040000000000000e+06,3.350000000000000000e+02
3.641976000000000000e+06,3.390000000000000000e+02
3.642908000000000000e+06,3.260000000000000000e+02
3.643844000000000000e+06,3.160000000000000000e+02
3.644780000000000000e+06,3.190000000000000000e+02
3.645716000000000000e+06,3.190000000000000000e+02
3.646648000000000000e+06,3.390000000000000000e+02
3.647584000000000000e+06,3.440000000000000000e+02
3.648528000000000000e+06,3.430000000000000000e+02
3.649456000000000000e+06,3.500000000000000000e+02
3.650388000000000000e+06,3.320000000000000000e+02
3.651324000000000000e+06,3.130000000000000000e+02
3.652260000000000000e+06,3.190000000000000000e+02
3.653196000000000000e+06,3.370000000000000000e+02
3.654128000000000000e+06,3.510000000000000000e+02
3.655064000000000000e+06,3.500000000000000000e+02
3.656000000000000000e+06,3.350000000000000000e+02
3.656936000000000000e+06,3.380000000000000000e+02
3.657868000000000000e+06,3.520000000000000000e+02
3.658804000000000000e+06,3.490000000000000000e+02
3.659740000000000000e+06,3.450000000000000000e+02
3.660676000000000000e+06,3.480000000000000000e+02
3.661608000000000000e+06,3.420000000000000000e+02
3.662544000000000000e+06,3.390000000000000000e+02
3.663480000000000000e+06,3.390000000000000000e+02
3.664416000000000000e+06,3.490000000000000000e+02
3.665348000000000000e+06,3.590000000000000000e+02
3.666284000000000000e+06,3.670000000000000000e+02
3.667220000000000000e+06,3.390000000000000000e+02
3.668156000000000000e+06,3.440000000000000000e+02
3.669088000000000000e+06,3.350000000000000000e+02
3.670032000000000000e+06,3.480000000000000000e+02
3.670960000000000000e+06,3.570000000000000000e+02
3.671896000000000000e+06,3.500000000000000000e+02
3.673764000000000000e+06,3.290000000000000000e+02
3.674700000000000000e+06,3.470000000000000000e+02
3.675636000000000000e+06,3.350000000000000000e+02
3.676568000000000000e+06,3.340000000000000000e+02
3.677504000000000000e+06,3.360000000000000000e+02
3.678440000000000000e+06,3.370000000000000000e+02
3.679376000000000000e+06,3.390000000000000000e+02
3.680308000000000000e+06,3.390000000000000000e+02
3.681244000000000000e+06,3.340000000000000000e+02
3.682180000000000000e+06,3.350000000000000000e+02
3.683116000000000000e+06,3.400000000000000000e+02
3.684048000000000000e+06,3.320000000000000000e+02
3.684984000000000000e+06,3.300000000000000000e+02
3.685920000000000000e+06,3.270000000000000000e+02
3.686856000000000000e+06,3.290000000000000000e+02
3.687788000000000000e+06,3.480000000000000000e+02
3.688724000000000000e+06,3.450000000000000000e+02
3.689660000000000000e+06,3.440000000000000000e+02
3.690596000000000000e+06,3.340000000000000000e+02
3.691536000000000000e+06,3.390000000000000000e+02
3.692464000000000000e+06,3.390000000000000000e+02
3.693400000000000000e+06,3.310000000000000000e+02
3.694336000000000000e+06,3.340000000000000000e+02
3.695268000000000000e+06,3.320000000000000000e+02
3.696204000000000000e+06,3.270000000000000000e+02
3.697140000000000000e+06,3.240000000000000000e+02
3.698076000000000000e+06,3.330000000000000000e+02
3.699008000000000000e+06,3.350000000000000000e+02
3.699944000000000000e+06,3.390000000000000000e+02
3.700880000000000000e+06,3.350000000000000000e+02
3.701816000000000000e+06,3.370000000000000000e+02
3.702748000000000000e+06,3.350000000000000000e+02
3.703684000000000000e+06,3.430000000000000000e+02
3.704620000000000000e+06,3.420000000000000000e+02
3.705556000000000000e+06,3.340000000000000000e+02
3.706488000000000000e+06,3.360000000000000000e+02
3.707424000000000000e+06,3.390000000000000000e+02
3.708360000000000000e+06,3.500000000000000000e+02
3.709296000000000000e+06,3.550000000000000000e+02
3.710228000000000000e+06,3.480000000000000000e+02
3.711164000000000000e+06,3.390000000000000000e+02
3.712100000000000000e+06,3.430000000000000000e+02
3.713040000000000000e+06,3.440000000000000000e+02
3.713968000000000000e+06,3.320000000000000000e+02
3.714904000000000000e+06,3.270000000000000000e+02
3.715840000000000000e+06,3.080000000000000000e+02
3.716776000000000000e+06,3.210000000000000000e+02
3.717708000000000000e+06,3.290000000000000000e+02
3.718644000000000000e+06,3.280000000000000000e+02
3.719580000000000000e+06,3.400000000000000000e+02
3.720516000000000000e+06,3.430000000000000000e+02
3.721448000000000000e+06,3.360000000000000000e+02
3.722384000000000000e+06,3.480000000000000000e+02
3.723320000000000000e+06,3.400000000000000000e+02
3.724256000000000000e+06,3.430000000000000000e+02
3.725188000000000000e+06,3.370000000000000000e+02
3.726124000000000000e+06,3.380000000000000000e+02
3.727060000000000000e+06,3.390000000000000000e+02
3.727996000000000000e+06,3.390000000000000000e+02
3.728928000000000000e+06,3.310000000000000000e+02
3.729864000000000000e+06,3.240000000000000000e+02
3.730800000000000000e+06,3.240000000000000000e+02
3.731736000000000000e+06,3.230000000000000000e+02
3.732668000000000000e+06,3.300000000000000000e+02
3.733604000000000000e+06,3.340000000000000000e+02
3.734544000000000000e+06,3.290000000000000000e+02
3.735476000000000000e+06,3.320000000000000000e+02
3.736408000000000000e+06,3.320000000000000000e+02
3.737344000000000000e+06,3.390000000000000000e+02
3.739216000000000000e+06,3.350000000000000000e+02
3.740148000000000000e+06,3.470000000000000000e+02
3.741084000000000000e+06,3.400000000000000000e+02
3.742020000000000000e+06,3.390000000000000000e+02
3.742956000000000000e+06,3.440000000000000000e+02
3.743888000000000000e+06,3.430000000000000000e+02
3.744824000000000000e+06,3.390000000000000000e+02
3.745760000000000000e+06,3.440000000000000000e+02
3.746696000000000000e+06,3.460000000000000000e+02
3.747628000000000000e+06,3.400000000000000000e+02
3.748564000000000000e+06,3.300000000000000000e+02
3.749500000000000000e+06,3.190000000000000000e+02
3.750436000000000000e+06,3.190000000000000000e+02
3.751368000000000000e+06,3.370000000000000000e+02
3.752304000000000000e+06,3.320000000000000000e+02
3.753240000000000000e+06,3.350000000000000000e+02
3.754176000000000000e+06,3.330000000000000000e+02
3.755108000000000000e+06,3.350000000000000000e+02
3.756052000000000000e+06,3.480000000000000000e+02
3.756980000000000000e+06,3.440000000000000000e+02
3.757916000000000000e+06,3.350000000000000000e+02
3.758848000000000000e+06,3.340000000000000000e+02
3.759784000000000000e+06,3.360000000000000000e+02
3.760720000000000000e+06,3.370000000000000000e+02
3.761656000000000000e+06,3.460000000000000000e+02
3.762588000000000000e+06,3.420000000000000000e+02
3.763524000000000000e+06,3.420000000000000000e+02
3.764460000000000000e+06,3.420000000000000000e+02
3.765396000000000000e+06,3.390000000000000000e+02
3.766328000000000000e+06,3.440000000000000000e+02
3.767264000000000000e+06,3.550000000000000000e+02
3.768200000000000000e+06,3.590000000000000000e+02
3.769136000000000000e+06,3.440000000000000000e+02
3.770068000000000000e+06,3.240000000000000000e+02
3.771004000000000000e+06,3.120000000000000000e+02
3.771940000000000000e+06,3.300000000000000000e+02
3.772876000000000000e+06,3.420000000000000000e+02
3.773808000000000000e+06,3.430000000000000000e+02
3.774744000000000000e+06,3.420000000000000000e+02
3.775680000000000000e+06,3.390000000000000000e+02
3.776616000000000000e+06,3.460000000000000000e+02
3.777556000000000000e+06,3.420000000000000000e+02
3.778484000000000000e+06,3.440000000000000000e+02
3.779420000000000000e+06,3.420000000000000000e+02
3.780356000000000000e+06,3.440000000000000000e+02
3.781288000000000000e+06,3.470000000000000000e+02
3.782224000000000000e+06,3.450000000000000000e+02
3.783160000000000000e+06,3.390000000000000000e+02
3.784096000000000000e+06,3.480000000000000000e+02
3.785028000000000000e+06,3.480000000000000000e+02
3.785964000000000000e+06,3.460000000000000000e+02
3.786900000000000000e+06,3.360000000000000000e+02
3.787836000000000000e+06,3.330000000000000000e+02
3.788768000000000000e+06,3.340000000000000000e+02
3.789704000000000000e+06,3.510000000000000000e+02
3.790640000000000000e+06,3.380000000000000000e+02
3.791576000000000000e+06,3.340000000000000000e+02
3.792508000000000000e+06,3.310000000000000000e+02
3.793444000000000000e+06,3.320000000000000000e+02
3.794380000000000000e+06,3.450000000000000000e+02
3.795316000000000000e+06,3.620000000000000000e+02
3.796248000000000000e+06,3.560000000000000000e+02
3.797184000000000000e+06,3.560000000000000000e+02
3.798120000000000000e+06,3.370000000000000000e+02
3.799060000000000000e+06,3.270000000000000000e+02
3.799988000000000000e+06,3.340000000000000000e+02
3.800924000000000000e+06,3.400000000000000000e+02
3.801860000000000000e+06,3.470000000000000000e+02
3.802796000000000000e+06,3.610000000000000000e+02
3.804664000000000000e+06,3.550000000000000000e+02
3.805600000000000000e+06,3.280000000000000000e+02
3.806536000000000000e+06,3.230000000000000000e+02
3.807468000000000000e+06,3.350000000000000000e+02
3.808404000000000000e+06,3.470000000000000000e+02
3.809340000000000000e+06,3.510000000000000000e+02
3.810276000000000000e+06,3.350000000000000000e+02
3.811208000000000000e+06,3.430000000000000000e+02
3.812144000000000000e+06,3.420000000000000000e+02
3.813080000000000000e+06,3.480000000000000000e+02
3.814016000000000000e+06,3.480000000000000000e+02
3.814948000000000000e+06,3.560000000000000000e+02
3.815884000000000000e+06,3.430000000000000000e+02
3.816820000000000000e+06,3.390000000000000000e+02
3.817756000000000000e+06,3.390000000000000000e+02
3.818688000000000000e+06,3.370000000000000000e+02
3.819624000000000000e+06,3.490000000000000000e+02
3.820564000000000000e+06,3.590000000000000000e+02
3.821496000000000000e+06,3.290000000000000000e+02
3.822428000000000000e+06,3.390000000000000000e+02
3.823364000000000000e+06,3.450000000000000000e+02
3.824300000000000000e+06,3.540000000000000000e+02
3.825236000000000000e+06,3.480000000000000000e+02
3.826168000000000000e+06,3.350000000000000000e+02
3.827104000000000000e+06,3.290000000000000000e+02
3.828040000000000000e+06,3.280000000000000000e+02
3.828976000000000000e+06,3.370000000000000000e+02
3.829908000000000000e+06,3.290000000000000000e+02
3.830844000000000000e+06,3.330000000000000000e+02
3.831780000000000000e+06,3.320000000000000000e+02
3.832716000000000000e+06,3.320000000000000000e+02
3.833648000000000000e+06,3.350000000000000000e+02
3.834584000000000000e+06,3.350000000000000000e+02
3.835520000000000000e+06,3.340000000000000000e+02
3.836456000000000000e+06,3.320000000000000000e+02
3.837388000000000000e+06,3.320000000000000000e+02
3.838324000000000000e+06,3.400000000000000000e+02
3.839260000000000000e+06,3.400000000000000000e+02
3.840196000000000000e+06,3.420000000000000000e+02
3.841128000000000000e+06,3.340000000000000000e+02
3.842068000000000000e+06,3.390000000000000000e+02
3.843000000000000000e+06,3.270000000000000000e+02
3.843936000000000000e+06,3.340000000000000000e+02
3.844868000000000000e+06,3.420000000000000000e+02
3.845804000000000000e+06,3.420000000000000000e+02
3.846740000000000000e+06,3.340000000000000000e+02
3.847676000000000000e+06,3.390000000000000000e+02
3.848608000000000000e+06,3.350000000000000000e+02
3.849544000000000000e+06,3.440000000000000000e+02
3.850480000000000000e+06,3.320000000000000000e+02
3.851416000000000000e+06,3.320000000000000000e+02
3.852348000000000000e+06,3.260000000000000000e+02
3.853284000000000000e+06,3.270000000000000000e+02
3.854220000000000000e+06,3.270000000000000000e+02
3.855156000000000000e+06,3.340000000000000000e+02
3.856088000000000000e+06,3.400000000000000000e+02
3.857024000000000000e+06,3.270000000000000000e+02
3.857960000000000000e+06,3.370000000000000000e+02
3.858896000000000000e+06,3.340000000000000000e+02
3.859828000000000000e+06,3.330000000000000000e+02
3.860764000000000000e+06,3.270000000000000000e+02
3.861700000000000000e+06,3.400000000000000000e+02
3.862636000000000000e+06,3.370000000000000000e+02
3.863572000000000000e+06,3.440000000000000000e+02
3.864504000000000000e+06,3.420000000000000000e+02
3.865440000000000000e+06,3.250000000000000000e+02
3.866376000000000000e+06,3.270000000000000000e+02
3.867308000000000000e+06,3.410000000000000000e+02
3.868244000000000000e+06,3.390000000000000000e+02
3.869180000000000000e+06,3.330000000000000000e+02
3.870116000000000000e+06,3.480000000000000000e+02
3.871048000000000000e+06,3.350000000000000000e+02
3.871984000000000000e+06,3.410000000000000000e+02
3.872920000000000000e+06,3.450000000000000000e+02
3.873856000000000000e+06,3.430000000000000000e+02
3.874788000000000000e+06,3.390000000000000000e+02
3.875724000000000000e+06,3.290000000000000000e+02
3.876660000000000000e+06,3.330000000000000000e+02
3.877596000000000000e+06,3.470000000000000000e+02
3.878528000000000000e+06,3.480000000000000000e+02
3.879464000000000000e+06,3.530000000000000000e+02
3.880400000000000000e+06,3.430000000000000000e+02
3.881336000000000000e+06,3.350000000000000000e+02
3.882268000000000000e+06,3.350000000000000000e+02
3.883204000000000000e+06,3.380000000000000000e+02
3.884140000000000000e+06,3.370000000000000000e+02
3.885076000000000000e+06,3.280000000000000000e+02
3.886008000000000000e+06,3.340000000000000000e+02
3.886944000000000000e+06,3.390000000000000000e+02
3.887880000000000000e+06,3.400000000000000000e+02
3.888816000000000000e+06,3.370000000000000000e+02
3.889748000000000000e+06,3.390000000000000000e+02
3.890684000000000000e+06,3.480000000000000000e+02
3.891620000000000000e+06,3.480000000000000000e+02
3.892556000000000000e+06,3.490000000000000000e+02
3.893488000000000000e+06,3.450000000000000000e+02
3.894424000000000000e+06,3.350000000000000000e+02
3.895360000000000000e+06,3.340000000000000000e+02
3.896296000000000000e+06,3.370000000000000000e+02
3.897228000000000000e+06,3.370000000000000000e+02
3.898164000000000000e+06,3.390000000000000000e+02
3.899100000000000000e+06,3.430000000000000000e+02
3.900036000000000000e+06,3.400000000000000000e+02
3.900968000000000000e+06,3.390000000000000000e+02
3.901904000000000000e+06,3.480000000000000000e+02
3.902840000000000000e+06,3.520000000000000000e+02
3.903776000000000000e+06,3.480000000000000000e+02
3.904708000000000000e+06,3.450000000000000000e+02
3.905644000000000000e+06,3.400000000000000000e+02
3.906580000000000000e+06,3.310000000000000000e+02
3.907516000000000000e+06,3.320000000000000000e+02
3.908448000000000000e+06,3.400000000000000000e+02
3.909384000000000000e+06,3.490000000000000000e+02
3.910320000000000000e+06,3.470000000000000000e+02
3.911256000000000000e+06,3.500000000000000000e+02
3.912188000000000000e+06,3.590000000000000000e+02
3.913124000000000000e+06,3.550000000000000000e+02
3.914060000000000000e+06,3.480000000000000000e+02
3.914996000000000000e+06,3.420000000000000000e+02
3.915928000000000000e+06,3.390000000000000000e+02
3.916864000000000000e+06,3.380000000000000000e+02
3.917800000000000000e+06,3.460000000000000000e+02
3.918736000000000000e+06,3.420000000000000000e+02
3.919668000000000000e+06,3.350000000000000000e+02
3.920604000000000000e+06,3.420000000000000000e+02
3.921540000000000000e+06,3.510000000000000000e+02
3.922476000000000000e+06,3.570000000000000000e+02
3.923408000000000000e+06,3.590000000000000000e+02
3.924344000000000000e+06,3.550000000000000000e+02
3.925280000000000000e+06,3.370000000000000000e+02
3.926216000000000000e+06,3.370000000000000000e+02
3.927148000000000000e+06,3.450000000000000000e+02
3.928084000000000000e+06,3.480000000000000000e+02
3.929020000000000000e+06,3.440000000000000000e+02
3.929956000000000000e+06,3.390000000000000000e+02
3.930888000000000000e+06,3.350000000000000000e+02
3.931824000000000000e+06,3.390000000000000000e+02
3.932760000000000000e+06,3.480000000000000000e+02
3.933696000000000000e+06,3.430000000000000000e+02
3.934628000000000000e+06,3.500000000000000000e+02
3.935564000000000000e+06,3.520000000000000000e+02
3.936500000000000000e+06,3.500000000000000000e+02
3.937436000000000000e+06,3.470000000000000000e+02
3.938368000000000000e+06,3.420000000000000000e+02
3.939304000000000000e+06,3.440000000000000000e+02
3.940240000000000000e+06,3.370000000000000000e+02
3.941176000000000000e+06,3.420000000000000000e+02
3.942108000000000000e+06,3.440000000000000000e+02
3.943044000000000000e+06,3.440000000000000000e+02
3.943980000000000000e+06,3.480000000000000000e+02
3.944916000000000000e+06,3.500000000000000000e+02
3.945848000000000000e+06,3.440000000000000000e+02
3.946784000000000000e+06,3.270000000000000000e+02
3.947720000000000000e+06,3.390000000000000000e+02
3.948656000000000000e+06,3.480000000000000000e+02
3.949588000000000000e+06,3.370000000000000000e+02
3.950524000000000000e+06,3.420000000000000000e+02
3.951460000000000000e+06,3.370000000000000000e+02
3.952396000000000000e+06,3.290000000000000000e+02
3.953328000000000000e+06,3.360000000000000000e+02
3.954264000000000000e+06,3.550000000000000000e+02
3.955200000000000000e+06,3.470000000000000000e+02
3.956136000000000000e+06,3.390000000000000000e+02
3.957068000000000000e+06,3.270000000000000000e+02
3.958004000000000000e+06,3.420000000000000000e+02
3.958940000000000000e+06,3.520000000000000000e+02
3.959876000000000000e+06,3.420000000000000000e+02
3.960808000000000000e+06,3.420000000000000000e+02
3.961744000000000000e+06,3.530000000000000000e+02
3.962680000000000000e+06,3.410000000000000000e+02
3.963616000000000000e+06,3.270000000000000000e+02
3.964548000000000000e+06,3.200000000000000000e+02
3.965484000000000000e+06,3.120000000000000000e+02
3.966420000000000000e+06,3.230000000000000000e+02
3.967356000000000000e+06,3.330000000000000000e+02
3.968288000000000000e+06,3.350000000000000000e+02
3.969224000000000000e+06,3.350000000000000000e+02
3.970160000000000000e+06,3.370000000000000000e+02
3.971096000000000000e+06,3.470000000000000000e+02
3.972028000000000000e+06,3.240000000000000000e+02
3.972964000000000000e+06,3.320000000000000000e+02
3.973900000000000000e+06,3.320000000000000000e+02
3.974836000000000000e+06,3.440000000000000000e+02
3.975768000000000000e+06,3.350000000000000000e+02
3.976704000000000000e+06,3.270000000000000000e+02
3.977640000000000000e+06,3.210000000000000000e+02
3.978576000000000000e+06,3.370000000000000000e+02
3.979508000000000000e+06,3.430000000000000000e+02
3.980444000000000000e+06,3.270000000000000000e+02
3.981380000000000000e+06,3.270000000000000000e+02
3.982316000000000000e+06,3.230000000000000000e+02
3.983248000000000000e+06,3.380000000000000000e+02
3.984184000000000000e+06,3.310000000000000000e+02
3.985120000000000000e+06,3.320000000000000000e+02
3.986056000000000000e+06,3.240000000000000000e+02
3.986988000000000000e+06,3.340000000000000000e+02
3.987924000000000000e+06,3.370000000000000000e+02
3.988860000000000000e+06,3.590000000000000000e+02
3.989796000000000000e+06,3.440000000000000000e+02
3.990728000000000000e+06,3.440000000000000000e+02
3.991664000000000000e+06,3.390000000000000000e+02
3.992600000000000000e+06,3.480000000000000000e+02
3.993536000000000000e+06,3.350000000000000000e+02
3.994468000000000000e+06,3.440000000000000000e+02
3.995404000000000000e+06,3.420000000000000000e+02
3.996340000000000000e+06,3.270000000000000000e+02
3.997276000000000000e+06,3.270000000000000000e+02
3.998208000000000000e+06,3.260000000000000000e+02
3.999144000000000000e+06,3.360000000000000000e+02
4.000080000000000000e+06,3.470000000000000000e+02
4.001016000000000000e+06,3.340000000000000000e+02
4.001948000000000000e+06,3.370000000000000000e+02
4.002884000000000000e+06,3.390000000000000000e+02
4.003820000000000000e+06,3.320000000000000000e+02
4.004756000000000000e+06,3.270000000000000000e+02
4.005688000000000000e+06,3.380000000000000000e+02
4.006624000000000000e+06,3.450000000000000000e+02
4.007560000000000000e+06,3.470000000000000000e+02
4.008496000000000000e+06,3.520000000000000000e+02
4.009428000000000000e+06,3.360000000000000000e+02
4.010364000000000000e+06,3.260000000000000000e+02
4.011300000000000000e+06,3.230000000000000000e+02
4.012236000000000000e+06,3.370000000000000000e+02
4.013168000000000000e+06,3.320000000000000000e+02
4.014104000000000000e+06,3.370000000000000000e+02
4.015040000000000000e+06,3.330000000000000000e+02
4.015976000000000000e+06,3.370000000000000000e+02
4.016908000000000000e+06,3.460000000000000000e+02
4.017844000000000000e+06,3.480000000000000000e+02
4.018780000000000000e+06,3.450000000000000000e+02
4.019716000000000000e+06,3.340000000000000000e+02
4.020648000000000000e+06,3.520000000000000000e+02
4.021584000000000000e+06,3.360000000000000000e+02
4.022520000000000000e+06,3.440000000000000000e+02
4.023456000000000000e+06,3.390000000000000000e+02
4.024388000000000000e+06,3.440000000000000000e+02
4.025324000000000000e+06,3.470000000000000000e+02
4.026260000000000000e+06,3.480000000000000000e+02
4.027196000000000000e+06,3.350000000000000000e+02
4.028128000000000000e+06,3.260000000000000000e+02
4.029064000000000000e+06,3.210000000000000000e+02
4.030000000000000000e+06,3.360000000000000000e+02
4.030936000000000000e+06,3.350000000000000000e+02
4.031868000000000000e+06,3.480000000000000000e+02
4.032804000000000000e+06,3.480000000000000000e+02
4.033740000000000000e+06,3.490000000000000000e+02
4.034676000000000000e+06,3.480000000000000000e+02
4.035608000000000000e+06,3.530000000000000000e+02
4.036544000000000000e+06,3.480000000000000000e+02
4.037480000000000000e+06,3.350000000000000000e+02
4.038416000000000000e+06,3.320000000000000000e+02
4.039348000000000000e+06,3.490000000000000000e+02
4.040284000000000000e+06,3.470000000000000000e+02
4.041220000000000000e+06,3.350000000000000000e+02
4.042156000000000000e+06,3.320000000000000000e+02
4.043088000000000000e+06,3.440000000000000000e+02
4.044024000000000000e+06,3.400000000000000000e+02
4.044960000000000000e+06,3.320000000000000000e+02
4.045896000000000000e+06,3.400000000000000000e+02
4.046828000000000000e+06,3.500000000000000000e+02
4.047764000000000000e+06,3.480000000000000000e+02
4.048700000000000000e+06,3.530000000000000000e+02
4.049636000000000000e+06,3.550000000000000000e+02
4.050568000000000000e+06,3.530000000000000000e+02
4.051504000000000000e+06,3.440000000000000000e+02
4.052440000000000000e+06,3.350000000000000000e+02
4.053376000000000000e+06,3.360000000000000000e+02
4.054308000000000000e+06,3.440000000000000000e+02
4.055244000000000000e+06,3.450000000000000000e+02
4.056180000000000000e+06,3.480000000000000000e+02
4.057116000000000000e+06,3.430000000000000000e+02
4.058048000000000000e+06,3.450000000000000000e+02
4.058984000000000000e+06,3.470000000000000000e+02
4.059920000000000000e+06,3.470000000000000000e+02
4.060856000000000000e+06,3.440000000000000000e+02
4.061788000000000000e+06,3.340000000000000000e+02
4.062724000000000000e+06,3.350000000000000000e+02
4.063660000000000000e+06,3.400000000000000000e+02
4.064596000000000000e+06,3.470000000000000000e+02
4.065528000000000000e+06,3.450000000000000000e+02
4.066464000000000000e+06,3.420000000000000000e+02
4.067400000000000000e+06,3.320000000000000000e+02
4.068336000000000000e+06,3.320000000000000000e+02
4.069268000000000000e+06,3.320000000000000000e+02
4.070204000000000000e+06,3.440000000000000000e+02
4.071140000000000000e+06,3.350000000000000000e+02
4.072076000000000000e+06,3.370000000000000000e+02
4.073008000000000000e+06,3.440000000000000000e+02
4.073944000000000000e+06,3.480000000000000000e+02
4.074880000000000000e+06,3.370000000000000000e+02
4.075816000000000000e+06,3.320000000000000000e+02
4.076748000000000000e+06,3.400000000000000000e+02
4.077684000000000000e+06,3.390000000000000000e+02
4.078620000000000000e+06,3.400000000000000000e+02
4.079556000000000000e+06,3.510000000000000000e+02
4.080488000000000000e+06,3.450000000000000000e+02
4.081424000000000000e+06,3.440000000000000000e+02
4.082360000000000000e+06,3.500000000000000000e+02
4.083296000000000000e+06,3.420000000000000000e+02
4.084228000000000000e+06,3.520000000000000000e+02
4.085164000000000000e+06,3.440000000000000000e+02
4.086100000000000000e+06,3.240000000000000000e+02
4.087036000000000000e+06,3.160000000000000000e+02
4.087968000000000000e+06,3.310000000000000000e+02
4.088904000000000000e+06,3.350000000000000000e+02
4.089840000000000000e+06,3.520000000000000000e+02
4.090776000000000000e+06,3.680000000000000000e+02
4.091708000000000000e+06,3.530000000000000000e+02
4.092644000000000000e+06,3.240000000000000000e+02
4.093580000000000000e+06,3.080000000000000000e+02
4.094516000000000000e+06,3.230000000000000000e+02
4.095448000000000000e+06,3.310000000000000000e+02
4.096384000000000000e+06,3.270000000000000000e+02
4.097320000000000000e+06,3.340000000000000000e+02
4.098256000000000000e+06,3.350000000000000000e+02
4.099188000000000000e+06,3.370000000000000000e+02
4.100124000000000000e+06,3.440000000000000000e+02
4.101060000000000000e+06,3.320000000000000000e+02
4.101996000000000000e+06,3.360000000000000000e+02
4.102928000000000000e+06,3.320000000000000000e+02
4.103864000000000000e+06,3.230000000000000000e+02
4.104800000000000000e+06,3.370000000000000000e+02
4.105736000000000000e+06,3.520000000000000000e+02
4.106668000000000000e+06,3.400000000000000000e+02
4.107604000000000000e+06,3.440000000000000000e+02
4.108540000000000000e+06,3.390000000000000000e+02
4.109476000000000000e+06,3.370000000000000000e+02
4.110408000000000000e+06,3.290000000000000000e+02
4.111344000000000000e+06,3.290000000000000000e+02
4.112280000000000000e+06,3.370000000000000000e+02
4.113216000000000000e+06,3.270000000000000000e+02
4.114148000000000000e+06,3.330000000000000000e+02
4.115084000000000000e+06,3.440000000000000000e+02
4.116020000000000000e+06,3.480000000000000000e+02
4.116956000000000000e+06,3.480000000000000000e+02
4.117888000000000000e+06,3.320000000000000000e+02
4.118824000000000000e+06,3.240000000000000000e+02
4.119760000000000000e+06,3.270000000000000000e+02
4.120696000000000000e+06,3.380000000000000000e+02
4.121628000000000000e+06,3.330000000000000000e+02
4.122564000000000000e+06,3.280000000000000000e+02
4.123500000000000000e+06,3.320000000000000000e+02
4.124436000000000000e+06,3.350000000000000000e+02
4.125368000000000000e+06,3.400000000000000000e+02
4.126304000000000000e+06,3.400000000000000000e+02
4.127240000000000000e+06,3.480000000000000000e+02
4.128176000000000000e+06,3.420000000000000000e+02
4.129108000000000000e+06,3.440000000000000000e+02
4.130044000000000000e+06,3.470000000000000000e+02
4.130980000000000000e+06,3.320000000000000000e+02
4.131916000000000000e+06,3.430000000000000000e+02
4.132848000000000000e+06,3.380000000000000000e+02
4.133784000000000000e+06,3.350000000000000000e+02
4.134720000000000000e+06,3.350000000000000000e+02
4.135656000000000000e+06,3.350000000000000000e+02
4.136588000000000000e+06,3.300000000000000000e+02
4.137524000000000000e+06,3.420000000000000000e+02
4.138460000000000000e+06,3.370000000000000000e+02
4.139396000000000000e+06,3.350000000000000000e+02
4.140328000000000000e+06,3.340000000000000000e+02
4.141264000000000000e+06,3.440000000000000000e+02
4.142200000000000000e+06,3.350000000000000000e+02
4.143136000000000000e+06,3.350000000000000000e+02
4.144068000000000000e+06,3.410000000000000000e+02
4.145004000000000000e+06,3.400000000000000000e+02
4.145940000000000000e+06,3.390000000000000000e+02
4.146876000000000000e+06,3.390000000000000000e+02
4.147808000000000000e+06,3.450000000000000000e+02
4.148744000000000000e+06,3.420000000000000000e+02
4.149680000000000000e+06,3.390000000000000000e+02
4.150616000000000000e+06,3.300000000000000000e+02
4.151548000000000000e+06,3.400000000000000000e+02
4.152484000000000000e+06,3.440000000000000000e+02
4.153420000000000000e+06,3.450000000000000000e+02
4.154356000000000000e+06,3.320000000000000000e+02
4.155288000000000000e+06,3.310000000000000000e+02
4.156224000000000000e+06,3.290000000000000000e+02
4.157160000000000000e+06,3.380000000000000000e+02
4.158096000000000000e+06,3.340000000000000000e+02
4.159028000000000000e+06,3.400000000000000000e+02
4.159964000000000000e+06,3.420000000000000000e+02
4.160900000000000000e+06,3.480000000000000000e+02
4.161836000000000000e+06,3.430000000000000000e+02
4.162768000000000000e+06,3.390000000000000000e+02
4.163704000000000000e+06,3.420000000000000000e+02
4.164640000000000000e+06,3.440000000000000000e+02
4.165576000000000000e+06,3.470000000000000000e+02
4.166508000000000000e+06,3.440000000000000000e+02
4.167444000000000000e+06,3.350000000000000000e+02
4.168380000000000000e+06,3.360000000000000000e+02
4.169316000000000000e+06,3.310000000000000000e+02
4.170248000000000000e+06,3.490000000000000000e+02
4.171184000000000000e+06,3.480000000000000000e+02
4.172120000000000000e+06,3.470000000000000000e+02
4.173056000000000000e+06,3.480000000000000000e+02
4.173988000000000000e+06,3.510000000000000000e+02
4.174924000000000000e+06,3.490000000000000000e+02
4.175860000000000000e+06,3.440000000000000000e+02
4.176796000000000000e+06,3.480000000000000000e+02
4.177728000000000000e+06,3.520000000000000000e+02
4.178664000000000000e+06,3.440000000000000000e+02
4.179600000000000000e+06,3.390000000000000000e+02
4.180536000000000000e+06,3.330000000000000000e+02
4.181468000000000000e+06,3.370000000000000000e+02
4.182404000000000000e+06,3.440000000000000000e+02
4.183340000000000000e+06,3.430000000000000000e+02
4.184276000000000000e+06,3.440000000000000000e+02
4.185208000000000000e+06,3.400000000000000000e+02
4.186144000000000000e+06,3.400000000000000000e+02
4.187080000000000000e+06,3.470000000000000000e+02
4.188016000000000000e+06,3.440000000000000000e+02
4.188948000000000000e+06,3.380000000000000000e+02
4.189884000000000000e+06,3.520000000000000000e+02
4.190820000000000000e+06,3.460000000000000000e+02
4.191756000000000000e+06,3.470000000000000000e+02
4.192688000000000000e+06,3.480000000000000000e+02
4.193624000000000000e+06,3.450000000000000000e+02
4.194560000000000000e+06,3.480000000000000000e+02
4.195496000000000000e+06,3.480000000000000000e+02
4.196428000000000000e+06,3.370000000000000000e+02
4.197364000000000000e+06,3.390000000000000000e+02
4.198300000000000000e+06,3.320000000000000000e+02
4.199236000000000000e+06,3.400000000000000000e+02
4.200168000000000000e+06,3.410000000000000000e+02
4.201104000000000000e+06,3.440000000000000000e+02
4.202040000000000000e+06,3.350000000000000000e+02
4.202976000000000000e+06,3.430000000000000000e+02
4.203908000000000000e+06,3.440000000000000000e+02
4.204844000000000000e+06,3.440000000000000000e+02
4.205780000000000000e+06,3.530000000000000000e+02
4.206716000000000000e+06,3.520000000000000000e+02
4.207648000000000000e+06,3.440000000000000000e+02
4.208584000000000000e+06,3.380000000000000000e+02
4.209520000000000000e+06,3.420000000000000000e+02
4.210456000000000000e+06,3.400000000000000000e+02
4.211388000000000000e+06,3.490000000000000000e+02
4.212324000000000000e+06,3.450000000000000000e+02
4.213260000000000000e+06,3.440000000000000000e+02
4.214196000000000000e+06,3.440000000000000000e+02
4.215128000000000000e+06,3.440000000000000000e+02
4.216064000000000000e+06,3.270000000000000000e+02
4.217000000000000000e+06,3.350000000000000000e+02
4.217936000000000000e+06,3.390000000000000000e+02
4.218868000000000000e+06,3.370000000000000000e+02
4.219804000000000000e+06,3.330000000000000000e+02
4.220740000000000000e+06,3.390000000000000000e+02
4.221676000000000000e+06,3.380000000000000000e+02
4.222608000000000000e+06,3.440000000000000000e+02
4.223544000000000000e+06,3.470000000000000000e+02
4.224480000000000000e+06,3.400000000000000000e+02
4.225416000000000000e+06,3.420000000000000000e+02
4.226348000000000000e+06,3.450000000000000000e+02
4.227284000000000000e+06,3.440000000000000000e+02
4.228220000000000000e+06,3.440000000000000000e+02
4.229156000000000000e+06,3.520000000000000000e+02
4.230088000000000000e+06,3.330000000000000000e+02
4.231024000000000000e+06,3.350000000000000000e+02
4.231960000000000000e+06,3.440000000000000000e+02
4.232896000000000000e+06,3.500000000000000000e+02
4.233828000000000000e+06,3.390000000000000000e+02
4.234764000000000000e+06,3.320000000000000000e+02
4.235700000000000000e+06,3.470000000000000000e+02
4.236636000000000000e+06,3.450000000000000000e+02
4.237568000000000000e+06,3.320000000000000000e+02
4.238504000000000000e+06,3.360000000000000000e+02
4.239440000000000000e+06,3.270000000000000000e+02
4.240376000000000000e+06,3.190000000000000000e+02
4.241308000000000000e+06,3.360000000000000000e+02
4.242244000000000000e+06,3.420000000000000000e+02
4.243180000000000000e+06,3.370000000000000000e+02
4.244116000000000000e+06,3.290000000000000000e+02
4.245048000000000000e+06,3.390000000000000000e+02
4.245984000000000000e+06,3.390000000000000000e+02
4.246920000000000000e+06,3.420000000000000000e+02
4.247856000000000000e+06,3.420000000000000000e+02
4.248788000000000000e+06,3.440000000000000000e+02
4.249724000000000000e+06,3.490000000000000000e+02
4.250660000000000000e+06,3.510000000000000000e+02
4.251596000000000000e+06,3.450000000000000000e+02
4.252528000000000000e+06,3.350000000000000000e+02
4.253464000000000000e+06,3.350000000000000000e+02
4.254400000000000000e+06,3.340000000000000000e+02
4.255336000000000000e+06,3.460000000000000000e+02
4.256268000000000000e+06,3.320000000000000000e+02
4.257204000000000000e+06,3.270000000000000000e+02
4.258140000000000000e+06,3.380000000000000000e+02
4.259076000000000000e+06,3.350000000000000000e+02
4.260008000000000000e+06,3.420000000000000000e+02
4.260944000000000000e+06,3.400000000000000000e+02
4.261880000000000000e+06,3.440000000000000000e+02
4.262816000000000000e+06,3.410000000000000000e+02
4.263748000000000000e+06,3.340000000000000000e+02
4.264684000000000000e+06,3.420000000000000000e+02
4.265620000000000000e+06,3.400000000000000000e+02
4.266556000000000000e+06,3.440000000000000000e+02
4.267488000000000000e+06,3.480000000000000000e+02
4.268424000000000000e+06,3.400000000000000000e+02
4.269360000000000000e+06,3.360000000000000000e+02
4.270296000000000000e+06,3.240000000000000000e+02
4.271228000000000000e+06,3.250000000000000000e+02
4.272164000000000000e+06,3.390000000000000000e+02
4.273100000000000000e+06,3.480000000000000000e+02
4.274036000000000000e+06,3.530000000000000000e+02
4.274968000000000000e+06,3.450000000000000000e+02
4.275904000000000000e+06,3.340000000000000000e+02
4.276840000000000000e+06,3.390000000000000000e+02
4.277776000000000000e+06,3.360000000000000000e+02
4.278708000000000000e+06,3.390000000000000000e+02
4.279644000000000000e+06,3.390000000000000000e+02
4.280580000000000000e+06,3.320000000000000000e+02
4.281516000000000000e+06,3.400000000000000000e+02
4.282448000000000000e+06,3.340000000000000000e+02
4.283384000000000000e+06,3.270000000000000000e+02
4.284320000000000000e+06,3.440000000000000000e+02
4.285256000000000000e+06,3.430000000000000000e+02
4.286188000000000000e+06,3.350000000000000000e+02
4.287124000000000000e+06,3.390000000000000000e+02
4.288060000000000000e+06,3.320000000000000000e+02
4.288996000000000000e+06,3.420000000000000000e+02
4.289928000000000000e+06,3.320000000000000000e+02
4.290864000000000000e+06,3.500000000000000000e+02
4.291800000000000000e+06,3.500000000000000000e+02
4.292736000000000000e+06,3.520000000000000000e+02
4.293668000000000000e+06,3.420000000000000000e+02
4.294604000000000000e+06,3.340000000000000000e+02
4.295540000000000000e+06,3.340000000000000000e+02
4.296476000000000000e+06,3.480000000000000000e+02
4.297408000000000000e+06,3.440000000000000000e+02
4.298344000000000000e+06,3.390000000000000000e+02
4.299280000000000000e+06,3.350000000000000000e+02
4.300216000000000000e+06,3.350000000000000000e+02
4.301148000000000000e+06,3.340000000000000000e+02
4.302084000000000000e+06,3.350000000000000000e+02
4.303020000000000000e+06,3.370000000000000000e+02
4.303956000000000000e+06,3.430000000000000000e+02
4.304888000000000000e+06,3.530000000000000000e+02
4.305824000000000000e+06,3.470000000000000000e+02
4.306760000000000000e+06,3.450000000000000000e+02
4.307696000000000000e+06,3.390000000000000000e+02
4.308628000000000000e+06,3.370000000000000000e+02
4.309564000000000000e+06,3.410000000000000000e+02
4.310500000000000000e+06,3.500000000000000000e+02
4.311436000000000000e+06,3.540000000000000000e+02
4.312368000000000000e+06,3.440000000000000000e+02
4.313304000000000000e+06,3.350000000000000000e+02
4.314240000000000000e+06,3.360000000000000000e+02
4.315176000000000000e+06,3.320000000000000000e+02
4.316108000000000000e+06,3.360000000000000000e+02
4.317044000000000000e+06,3.420000000000000000e+02
4.317980000000000000e+06,3.500000000000000000e+02
4.318916000000000000e+06,3.520000000000000000e+02
4.319848000000000000e+06,3.340000000000000000e+02
4.320784000000000000e+06,3.340000000000000000e+02
4.321720000000000000e+06,3.270000000000000000e+02
4.322656000000000000e+06,3.380000000000000000e+02
4.323588000000000000e+06,3.400000000000000000e+02
4.324524000000000000e+06,3.320000000000000000e+02
4.325460000000000000e+06,3.340000000000000000e+02
4.326396000000000000e+06,3.350000000000000000e+02
4.327328000000000000e+06,3.450000000000000000e+02
4.328264000000000000e+06,3.390000000000000000e+02
4.329200000000000000e+06,3.520000000000000000e+02
4.330136000000000000e+06,3.520000000000000000e+02
4.331068000000000000e+06,3.500000000000000000e+02
4.332004000000000000e+06,3.390000000000000000e+02
4.332940000000000000e+06,3.340000000000000000e+02
4.333876000000000000e+06,3.340000000000000000e+02
4.334808000000000000e+06,3.350000000000000000e+02
4.335744000000000000e+06,3.430000000000000000e+02
4.336680000000000000e+06,3.480000000000000000e+02
4.337616000000000000e+06,3.440000000000000000e+02
4.338548000000000000e+06,3.440000000000000000e+02
4.339484000000000000e+06,3.490000000000000000e+02
4.340420000000000000e+06,3.560000000000000000e+02
4.341356000000000000e+06,3.450000000000000000e+02
4.342288000000000000e+06,3.370000000000000000e+02
4.343224000000000000e+06,3.390000000000000000e+02
4.344160000000000000e+06,3.370000000000000000e+02
4.345096000000000000e+06,3.480000000000000000e+02
4.346028000000000000e+06,3.390000000000000000e+02
4.346964000000000000e+06,3.350000000000000000e+02
4.347900000000000000e+06,3.440000000000000000e+02
4.348836000000000000e+06,3.350000000000000000e+02
4.349768000000000000e+06,3.290000000000000000e+02
4.350704000000000000e+06,3.340000000000000000e+02
4.351640000000000000e+06,3.400000000000000000e+02
4.352576000000000000e+06,3.520000000000000000e+02
4.353508000000000000e+06,3.550000000000000000e+02
4.354444000000000000e+06,3.490000000000000000e+02
4.355380000000000000e+06,3.440000000000000000e+02
4.356316000000000000e+06,3.330000000000000000e+02
4.357248000000000000e+06,3.420000000000000000e+02
4.358184000000000000e+06,3.500000000000000000e+02
4.359120000000000000e+06,3.340000000000000000e+02
4.360056000000000000e+06,3.330000000000000000e+02
4.360988000000000000e+06,3.350000000000000000e+02
4.361924000000000000e+06,3.520000000000000000e+02
4.362860000000000000e+06,3.550000000000000000e+02
4.363796000000000000e+06,3.510000000000000000e+02
4.364728000000000000e+06,3.480000000000000000e+02
4.365664000000000000e+06,3.520000000000000000e+02
4.366600000000000000e+06,3.480000000000000000e+02
4.367536000000000000e+06,3.390000000000000000e+02
4.368468000000000000e+06,3.420000000000000000e+02
4.369404000000000000e+06,3.520000000000000000e+02
4.370340000000000000e+06,3.530000000000000000e+02
4.371276000000000000e+06,3.400000000000000000e+02
4.372208000000000000e+06,3.460000000000000000e+02
4.373144000000000000e+06,3.380000000000000000e+02
4.374080000000000000e+06,3.390000000000000000e+02
4.375016000000000000e+06,3.350000000000000000e+02
4.375948000000000000e+06,3.450000000000000000e+02
4.376884000000000000e+06,3.520000000000000000e+02
4.377820000000000000e+06,3.480000000000000000e+02
4.378756000000000000e+06,3.340000000000000000e+02
4.379688000000000000e+06,3.350000000000000000e+02
4.380624000000000000e+06,3.480000000000000000e+02
4.381560000000000000e+06,3.450000000000000000e+02
4.382496000000000000e+06,3.440000000000000000e+02
4.383428000000000000e+06,3.480000000000000000e+02
4.384364000000000000e+06,3.450000000000000000e+02
4.385300000000000000e+06,3.480000000000000000e+02
4.386236000000000000e+06,3.390000000000000000e+02
4.387168000000000000e+06,3.220000000000000000e+02
4.388104000000000000e+06,3.180000000000000000e+02
4.389040000000000000e+06,3.350000000000000000e+02
4.389976000000000000e+06,3.440000000000000000e+02
4.390908000000000000e+06,3.590000000000000000e+02
4.391844000000000000e+06,3.500000000000000000e+02
4.392780000000000000e+06,3.470000000000000000e+02
4.394648000000000000e+06,3.420000000000000000e+02
4.395584000000000000e+06,3.390000000000000000e+02
4.396520000000000000e+06,3.340000000000000000e+02
4.397456000000000000e+06,3.370000000000000000e+02
4.398388000000000000e+06,3.390000000000000000e+02
4.399324000000000000e+06,3.480000000000000000e+02
4.400260000000000000e+06,3.500000000000000000e+02
4.401196000000000000e+06,3.330000000000000000e+02
4.402128000000000000e+06,3.370000000000000000e+02
4.403064000000000000e+06,3.430000000000000000e+02
4.404000000000000000e+06,3.430000000000000000e+02
4.404936000000000000e+06,3.450000000000000000e+02
4.405868000000000000e+06,3.390000000000000000e+02
4.406804000000000000e+06,3.420000000000000000e+02
4.407740000000000000e+06,3.340000000000000000e+02
4.408676000000000000e+06,3.350000000000000000e+02
4.409608000000000000e+06,3.420000000000000000e+02
4.410544000000000000e+06,3.370000000000000000e+02
4.411480000000000000e+06,3.320000000000000000e+02
4.412416000000000000e+06,3.350000000000000000e+02
4.413348000000000000e+06,3.340000000000000000e+02
4.414284000000000000e+06,3.360000000000000000e+02
4.415220000000000000e+06,3.340000000000000000e+02
4.416156000000000000e+06,3.390000000000000000e+02
4.417088000000000000e+06,3.350000000000000000e+02
4.418024000000000000e+06,3.380000000000000000e+02
4.418960000000000000e+06,3.550000000000000000e+02
4.419896000000000000e+06,3.530000000000000000e+02
4.420828000000000000e+06,3.510000000000000000e+02
4.421764000000000000e+06,3.390000000000000000e+02
4.422700000000000000e+06,3.370000000000000000e+02
4.423636000000000000e+06,3.350000000000000000e+02
4.424568000000000000e+06,3.350000000000000000e+02
4.425504000000000000e+06,3.340000000000000000e+02
4.426440000000000000e+06,3.390000000000000000e+02
4.427376000000000000e+06,3.440000000000000000e+02
4.428308000000000000e+06,3.470000000000000000e+02
4.429244000000000000e+06,3.420000000000000000e+02
4.430180000000000000e+06,3.360000000000000000e+02
4.431116000000000000e+06,3.380000000000000000e+02
4.432048000000000000e+06,3.310000000000000000e+02
4.432984000000000000e+06,3.390000000000000000e+02
4.433924000000000000e+06,3.390000000000000000e+02
4.434856000000000000e+06,3.440000000000000000e+02
4.435788000000000000e+06,3.400000000000000000e+02
4.436724000000000000e+06,3.390000000000000000e+02
4.437660000000000000e+06,3.390000000000000000e+02
4.438596000000000000e+06,3.470000000000000000e+02
4.439528000000000000e+06,3.320000000000000000e+02
4.440464000000000000e+06,3.350000000000000000e+02
4.441400000000000000e+06,3.340000000000000000e+02
4.442336000000000000e+06,3.320000000000000000e+02
4.443268000000000000e+06,3.350000000000000000e+02
4.444204000000000000e+06,3.320000000000000000e+02
4.445140000000000000e+06,3.340000000000000000e+02
4.446076000000000000e+06,3.450000000000000000e+02
4.447008000000000000e+06,3.420000000000000000e+02
4.447944000000000000e+06,3.420000000000000000e+02
4.448880000000000000e+06,3.390000000000000000e+02
4.449816000000000000e+06,3.470000000000000000e+02
4.450748000000000000e+06,3.440000000000000000e+02
4.451684000000000000e+06,3.440000000000000000e+02
4.452620000000000000e+06,3.330000000000000000e+02
4.453556000000000000e+06,3.340000000000000000e+02
4.454488000000000000e+06,3.350000000000000000e+02
4.455432000000000000e+06,3.440000000000000000e+02
4.456360000000000000e+06,3.440000000000000000e+02
4.457296000000000000e+06,3.300000000000000000e+02
4.458228000000000000e+06,3.370000000000000000e+02
4.460100000000000000e+06,3.420000000000000000e+02
4.461036000000000000e+06,3.350000000000000000e+02
4.461968000000000000e+06,3.410000000000000000e+02
4.462904000000000000e+06,3.390000000000000000e+02
4.463840000000000000e+06,3.440000000000000000e+02
4.464776000000000000e+06,3.440000000000000000e+02
4.465708000000000000e+06,3.450000000000000000e+02
4.466644000000000000e+06,3.450000000000000000e+02
4.467580000000000000e+06,3.440000000000000000e+02
4.468516000000000000e+06,3.350000000000000000e+02
4.469448000000000000e+06,3.440000000000000000e+02
4.470384000000000000e+06,3.440000000000000000e+02
4.471320000000000000e+06,3.510000000000000000e+02
4.472256000000000000e+06,3.390000000000000000e+02
4.473188000000000000e+06,3.390000000000000000e+02
4.474124000000000000e+06,3.440000000000000000e+02
4.475060000000000000e+06,3.400000000000000000e+02
4.475996000000000000e+06,3.430000000000000000e+02
4.476936000000000000e+06,3.420000000000000000e+02
4.477864000000000000e+06,3.430000000000000000e+02
4.478800000000000000e+06,3.390000000000000000e+02
4.479736000000000000e+06,3.500000000000000000e+02
4.480668000000000000e+06,3.350000000000000000e+02
4.481604000000000000e+06,3.390000000000000000e+02
4.482540000000000000e+06,3.450000000000000000e+02
4.483476000000000000e+06,3.520000000000000000e+02
4.484408000000000000e+06,3.510000000000000000e+02
4.485344000000000000e+06,3.470000000000000000e+02
4.486280000000000000e+06,3.390000000000000000e+02
4.487216000000000000e+06,3.450000000000000000e+02
4.488148000000000000e+06,3.480000000000000000e+02
4.489084000000000000e+06,3.350000000000000000e+02
4.490020000000000000e+06,3.420000000000000000e+02
4.490956000000000000e+06,3.440000000000000000e+02
4.491888000000000000e+06,3.350000000000000000e+02
4.492824000000000000e+06,3.370000000000000000e+02
4.493760000000000000e+06,3.470000000000000000e+02
4.494696000000000000e+06,3.500000000000000000e+02
4.495628000000000000e+06,3.440000000000000000e+02
4.496564000000000000e+06,3.450000000000000000e+02
4.497500000000000000e+06,3.480000000000000000e+02
4.498440000000000000e+06,3.490000000000000000e+02
4.499368000000000000e+06,3.510000000000000000e+02
4.500304000000000000e+06,3.680000000000000000e+02
4.501240000000000000e+06,3.440000000000000000e+02
4.502176000000000000e+06,3.390000000000000000e+02
4.503108000000000000e+06,3.400000000000000000e+02
4.504044000000000000e+06,3.400000000000000000e+02
4.504980000000000000e+06,3.430000000000000000e+02
4.505916000000000000e+06,3.370000000000000000e+02
4.506848000000000000e+06,3.370000000000000000e+02
4.507784000000000000e+06,3.420000000000000000e+02
4.508720000000000000e+06,3.330000000000000000e+02
4.509656000000000000e+06,3.350000000000000000e+02
4.510588000000000000e+06,3.400000000000000000e+02
4.511524000000000000e+06,3.470000000000000000e+02
4.512460000000000000e+06,3.480000000000000000e+02
4.513396000000000000e+06,3.510000000000000000e+02
4.514328000000000000e+06,3.360000000000000000e+02
4.515264000000000000e+06,3.420000000000000000e+02
4.516200000000000000e+06,3.440000000000000000e+02
4.517136000000000000e+06,3.400000000000000000e+02
4.518068000000000000e+06,3.400000000000000000e+02
4.519004000000000000e+06,3.350000000000000000e+02
4.519948000000000000e+06,3.290000000000000000e+02
4.520876000000000000e+06,3.290000000000000000e+02
4.521808000000000000e+06,3.400000000000000000e+02
4.522744000000000000e+06,3.490000000000000000e+02
4.523680000000000000e+06,3.510000000000000000e+02
4.525548000000000000e+06,3.350000000000000000e+02
4.526484000000000000e+06,3.350000000000000000e+02
4.527420000000000000e+06,3.350000000000000000e+02
4.528356000000000000e+06,3.400000000000000000e+02
4.529288000000000000e+06,3.500000000000000000e+02
4.530224000000000000e+06,3.520000000000000000e+02
4.531160000000000000e+06,3.380000000000000000e+02
4.532096000000000000e+06,3.400000000000000000e+02
4.533028000000000000e+06,3.450000000000000000e+02
4.533964000000000000e+06,3.470000000000000000e+02
4.534900000000000000e+06,3.480000000000000000e+02
4.535836000000000000e+06,3.350000000000000000e+02
4.536768000000000000e+06,3.260000000000000000e+02
4.537704000000000000e+06,3.260000000000000000e+02
4.538640000000000000e+06,3.450000000000000000e+02
4.539576000000000000e+06,3.420000000000000000e+02
4.540508000000000000e+06,3.430000000000000000e+02
4.541452000000000000e+06,3.350000000000000000e+02
4.542380000000000000e+06,3.440000000000000000e+02
4.543316000000000000e+06,3.390000000000000000e+02
4.544248000000000000e+06,3.390000000000000000e+02
4.545184000000000000e+06,3.440000000000000000e+02
4.546120000000000000e+06,3.480000000000000000e+02
4.547056000000000000e+06,3.440000000000000000e+02
4.547988000000000000e+06,3.430000000000000000e+02
4.548924000000000000e+06,3.440000000000000000e+02
4.549860000000000000e+06,3.500000000000000000e+02
4.550796000000000000e+06,3.520000000000000000e+02
4.551728000000000000e+06,3.390000000000000000e+02
4.552664000000000000e+06,3.400000000000000000e+02
4.553600000000000000e+06,3.450000000000000000e+02
4.554536000000000000e+06,3.390000000000000000e+02
4.555468000000000000e+06,3.480000000000000000e+02
4.556404000000000000e+06,3.390000000000000000e+02
4.557340000000000000e+06,3.420000000000000000e+02
4.558276000000000000e+06,3.500000000000000000e+02
4.559208000000000000e+06,3.520000000000000000e+02
4.560144000000000000e+06,3.390000000000000000e+02
4.561080000000000000e+06,3.330000000000000000e+02
4.562016000000000000e+06,3.440000000000000000e+02
4.562956000000000000e+06,3.480000000000000000e+02
4.563884000000000000e+06,3.430000000000000000e+02
4.564820000000000000e+06,3.350000000000000000e+02
4.565756000000000000e+06,3.330000000000000000e+02
4.566688000000000000e+06,3.340000000000000000e+02
4.567624000000000000e+06,3.420000000000000000e+02
4.568560000000000000e+06,3.390000000000000000e+02
4.569496000000000000e+06,3.390000000000000000e+02
4.570428000000000000e+06,3.260000000000000000e+02
4.571364000000000000e+06,3.340000000000000000e+02
4.572300000000000000e+06,3.350000000000000000e+02
4.573236000000000000e+06,3.390000000000000000e+02
4.574168000000000000e+06,3.340000000000000000e+02
4.575104000000000000e+06,3.450000000000000000e+02
4.576040000000000000e+06,3.450000000000000000e+02
4.576976000000000000e+06,3.350000000000000000e+02
4.577908000000000000e+06,3.410000000000000000e+02
4.578844000000000000e+06,3.450000000000000000e+02
4.579780000000000000e+06,3.390000000000000000e+02
4.580716000000000000e+06,3.350000000000000000e+02
4.581648000000000000e+06,3.310000000000000000e+02
4.582584000000000000e+06,3.360000000000000000e+02
4.583520000000000000e+06,3.330000000000000000e+02
4.584460000000000000e+06,3.390000000000000000e+02
4.585388000000000000e+06,3.320000000000000000e+02
4.586324000000000000e+06,3.390000000000000000e+02
4.587260000000000000e+06,3.450000000000000000e+02
4.588196000000000000e+06,3.400000000000000000e+02
4.589128000000000000e+06,3.420000000000000000e+02
4.590064000000000000e+06,3.480000000000000000e+02
4.591000000000000000e+06,3.370000000000000000e+02
4.591936000000000000e+06,3.320000000000000000e+02
4.592868000000000000e+06,3.400000000000000000e+02
4.593804000000000000e+06,3.390000000000000000e+02
4.594740000000000000e+06,3.390000000000000000e+02
4.595676000000000000e+06,3.480000000000000000e+02
4.596608000000000000e+06,3.390000000000000000e+02
4.597544000000000000e+06,3.350000000000000000e+02
4.598480000000000000e+06,3.390000000000000000e+02
4.599416000000000000e+06,3.390000000000000000e+02
4.600348000000000000e+06,3.520000000000000000e+02
4.601284000000000000e+06,3.440000000000000000e+02
4.602220000000000000e+06,3.320000000000000000e+02
4.603156000000000000e+06,3.370000000000000000e+02
4.604088000000000000e+06,3.390000000000000000e+02
4.605024000000000000e+06,3.440000000000000000e+02
4.605964000000000000e+06,3.440000000000000000e+02
4.606896000000000000e+06,3.390000000000000000e+02
4.607828000000000000e+06,3.320000000000000000e+02
4.608764000000000000e+06,3.380000000000000000e+02
4.609700000000000000e+06,3.500000000000000000e+02
4.610636000000000000e+06,3.420000000000000000e+02
4.611568000000000000e+06,3.440000000000000000e+02
4.612504000000000000e+06,3.430000000000000000e+02
4.613440000000000000e+06,3.400000000000000000e+02
4.614376000000000000e+06,3.370000000000000000e+02
4.615308000000000000e+06,3.350000000000000000e+02
4.616244000000000000e+06,3.390000000000000000e+02
4.617180000000000000e+06,3.470000000000000000e+02
4.618116000000000000e+06,3.500000000000000000e+02
4.619048000000000000e+06,3.530000000000000000e+02
4.619984000000000000e+06,3.390000000000000000e+02
4.620920000000000000e+06,3.480000000000000000e+02
4.621856000000000000e+06,3.500000000000000000e+02
4.622788000000000000e+06,3.500000000000000000e+02
4.623724000000000000e+06,3.440000000000000000e+02
4.624660000000000000e+06,3.390000000000000000e+02
4.625596000000000000e+06,3.350000000000000000e+02
4.626528000000000000e+06,3.350000000000000000e+02
4.627472000000000000e+06,3.480000000000000000e+02
4.628400000000000000e+06,3.480000000000000000e+02
4.629336000000000000e+06,3.360000000000000000e+02
4.630268000000000000e+06,3.420000000000000000e+02
4.631204000000000000e+06,3.350000000000000000e+02
4.632140000000000000e+06,3.350000000000000000e+02
4.633076000000000000e+06,3.450000000000000000e+02
4.634008000000000000e+06,3.530000000000000000e+02
4.634944000000000000e+06,3.490000000000000000e+02
4.635880000000000000e+06,3.430000000000000000e+02
4.636816000000000000e+06,3.310000000000000000e+02
4.637748000000000000e+06,3.320000000000000000e+02
4.638684000000000000e+06,3.480000000000000000e+02
4.639620000000000000e+06,3.500000000000000000e+02
4.640556000000000000e+06,3.350000000000000000e+02
4.641488000000000000e+06,3.350000000000000000e+02
4.642424000000000000e+06,3.390000000000000000e+02
4.643360000000000000e+06,3.370000000000000000e+02
4.644296000000000000e+06,3.440000000000000000e+02
4.645228000000000000e+06,3.480000000000000000e+02
4.646164000000000000e+06,3.350000000000000000e+02
4.647100000000000000e+06,3.340000000000000000e+02
4.648036000000000000e+06,3.500000000000000000e+02
4.648976000000000000e+06,3.500000000000000000e+02
4.649904000000000000e+06,3.400000000000000000e+02
4.650840000000000000e+06,3.450000000000000000e+02
4.651776000000000000e+06,3.440000000000000000e+02
4.652708000000000000e+06,3.500000000000000000e+02
4.653644000000000000e+06,3.450000000000000000e+02
4.654580000000000000e+06,3.400000000000000000e+02
4.655516000000000000e+06,3.370000000000000000e+02
4.656448000000000000e+06,3.420000000000000000e+02
4.657384000000000000e+06,3.410000000000000000e+02
4.658320000000000000e+06,3.370000000000000000e+02
4.659256000000000000e+06,3.440000000000000000e+02
4.660188000000000000e+06,3.440000000000000000e+02
4.661124000000000000e+06,3.470000000000000000e+02
4.662060000000000000e+06,3.410000000000000000e+02
4.662996000000000000e+06,3.500000000000000000e+02
4.663928000000000000e+06,3.510000000000000000e+02
4.664864000000000000e+06,3.440000000000000000e+02
4.665800000000000000e+06,3.420000000000000000e+02
4.666736000000000000e+06,3.440000000000000000e+02
4.667668000000000000e+06,3.390000000000000000e+02
4.668604000000000000e+06,3.390000000000000000e+02
4.669540000000000000e+06,3.510000000000000000e+02
4.670480000000000000e+06,3.340000000000000000e+02
4.671408000000000000e+06,3.370000000000000000e+02
4.672344000000000000e+06,3.350000000000000000e+02
4.673280000000000000e+06,3.440000000000000000e+02
4.674216000000000000e+06,3.560000000000000000e+02
4.675148000000000000e+06,3.550000000000000000e+02
4.676084000000000000e+06,3.490000000000000000e+02
4.677020000000000000e+06,3.490000000000000000e+02
4.677956000000000000e+06,3.460000000000000000e+02
4.678888000000000000e+06,3.380000000000000000e+02
4.679824000000000000e+06,3.520000000000000000e+02
4.680760000000000000e+06,3.480000000000000000e+02
4.681696000000000000e+06,3.290000000000000000e+02
4.682628000000000000e+06,3.330000000000000000e+02
4.683564000000000000e+06,3.370000000000000000e+02
4.684500000000000000e+06,3.420000000000000000e+02
4.685436000000000000e+06,3.520000000000000000e+02
4.686368000000000000e+06,3.440000000000000000e+02
4.687304000000000000e+06,3.400000000000000000e+02
4.688240000000000000e+06,3.470000000000000000e+02
4.689176000000000000e+06,3.480000000000000000e+02
4.690108000000000000e+06,3.440000000000000000e+02
4.691044000000000000e+06,3.300000000000000000e+02
4.691984000000000000e+06,3.270000000000000000e+02
4.692916000000000000e+06,3.430000000000000000e+02
4.693848000000000000e+06,3.400000000000000000e+02
4.694784000000000000e+06,3.450000000000000000e+02
4.695720000000000000e+06,3.510000000000000000e+02
4.696656000000000000e+06,3.430000000000000000e+02
4.697588000000000000e+06,3.270000000000000000e+02
4.698524000000000000e+06,3.230000000000000000e+02
4.699460000000000000e+06,3.350000000000000000e+02
4.700396000000000000e+06,3.330000000000000000e+02
4.701328000000000000e+06,3.510000000000000000e+02
4.702264000000000000e+06,3.590000000000000000e+02
4.703200000000000000e+06,3.430000000000000000e+02
4.704136000000000000e+06,3.280000000000000000e+02
4.705068000000000000e+06,3.300000000000000000e+02
4.706004000000000000e+06,3.280000000000000000e+02
4.706940000000000000e+06,3.480000000000000000e+02
4.707876000000000000e+06,3.520000000000000000e+02
4.708808000000000000e+06,3.540000000000000000e+02
4.709744000000000000e+06,3.480000000000000000e+02
4.710680000000000000e+06,3.450000000000000000e+02
4.711616000000000000e+06,3.340000000000000000e+02
4.712548000000000000e+06,3.290000000000000000e+02
4.713492000000000000e+06,3.230000000000000000e+02
4.714420000000000000e+06,3.330000000000000000e+02
4.715356000000000000e+06,3.390000000000000000e+02
4.716288000000000000e+06,3.560000000000000000e+02
4.717224000000000000e+06,3.540000000000000000e+02
4.718160000000000000e+06,3.430000000000000000e+02
4.719096000000000000e+06,3.160000000000000000e+02
4.720028000000000000e+06,3.220000000000000000e+02
4.720964000000000000e+06,3.410000000000000000e+02
4.721900000000000000e+06,3.360000000000000000e+02
4.722836000000000000e+06,3.420000000000000000e+02
4.723768000000000000e+06,3.390000000000000000e+02
4.724704000000000000e+06,3.350000000000000000e+02
4.725640000000000000e+06,3.290000000000000000e+02
4.726576000000000000e+06,3.370000000000000000e+02
4.727508000000000000e+06,3.350000000000000000e+02
4.728444000000000000e+06,3.360000000000000000e+02
4.729380000000000000e+06,3.340000000000000000e+02
4.730316000000000000e+06,3.450000000000000000e+02
4.731248000000000000e+06,3.480000000000000000e+02
4.732184000000000000e+06,3.440000000000000000e+02
4.733120000000000000e+06,3.420000000000000000e+02
4.734056000000000000e+06,3.390000000000000000e+02
4.734996000000000000e+06,3.420000000000000000e+02
4.735924000000000000e+06,3.340000000000000000e+02
4.736860000000000000e+06,3.370000000000000000e+02
4.737796000000000000e+06,3.350000000000000000e+02
4.738728000000000000e+06,3.420000000000000000e+02
4.739664000000000000e+06,3.480000000000000000e+02
4.740600000000000000e+06,3.390000000000000000e+02
4.741536000000000000e+06,3.390000000000000000e+02
4.742468000000000000e+06,3.350000000000000000e+02
4.743404000000000000e+06,3.390000000000000000e+02
4.744340000000000000e+06,3.440000000000000000e+02
4.745276000000000000e+06,3.430000000000000000e+02
4.746208000000000000e+06,3.380000000000000000e+02
4.747144000000000000e+06,3.310000000000000000e+02
4.748080000000000000e+06,3.330000000000000000e+02
4.749016000000000000e+06,3.350000000000000000e+02
4.749948000000000000e+06,3.390000000000000000e+02
4.750884000000000000e+06,3.470000000000000000e+02
4.751820000000000000e+06,3.440000000000000000e+02
4.752756000000000000e+06,3.420000000000000000e+02
4.753688000000000000e+06,3.320000000000000000e+02
4.754624000000000000e+06,3.350000000000000000e+02
4.755560000000000000e+06,3.400000000000000000e+02
4.756500000000000000e+06,3.420000000000000000e+02
4.757428000000000000e+06,3.440000000000000000e+02
4.758364000000000000e+06,3.400000000000000000e+02
4.759300000000000000e+06,3.440000000000000000e+02
4.760236000000000000e+06,3.390000000000000000e+02
4.761168000000000000e+06,3.370000000000000000e+02
4.762104000000000000e+06,3.450000000000000000e+02
4.763040000000000000e+06,3.450000000000000000e+02
4.763976000000000000e+06,3.440000000000000000e+02
4.764908000000000000e+06,3.400000000000000000e+02
4.765844000000000000e+06,3.390000000000000000e+02
4.766780000000000000e+06,3.350000000000000000e+02
4.767716000000000000e+06,3.350000000000000000e+02
4.768648000000000000e+06,3.420000000000000000e+02
4.769584000000000000e+06,3.480000000000000000e+02
4.770520000000000000e+06,3.440000000000000000e+02
4.771456000000000000e+06,3.350000000000000000e+02
4.772388000000000000e+06,3.370000000000000000e+02
4.773324000000000000e+06,3.390000000000000000e+02
4.774260000000000000e+06,3.440000000000000000e+02
4.775196000000000000e+06,3.360000000000000000e+02
4.776128000000000000e+06,3.350000000000000000e+02
4.777064000000000000e+06,3.330000000000000000e+02
4.778004000000000000e+06,3.430000000000000000e+02
4.778936000000000000e+06,3.450000000000000000e+02
4.779868000000000000e+06,3.470000000000000000e+02
4.780804000000000000e+06,3.350000000000000000e+02
4.781740000000000000e+06,3.420000000000000000e+02
4.782676000000000000e+06,3.480000000000000000e+02
4.783608000000000000e+06,3.520000000000000000e+02
4.784544000000000000e+06,3.380000000000000000e+02
4.785480000000000000e+06,3.400000000000000000e+02
4.786416000000000000e+06,3.350000000000000000e+02
4.787348000000000000e+06,3.440000000000000000e+02
4.788284000000000000e+06,3.360000000000000000e+02
4.789220000000000000e+06,3.370000000000000000e+02
4.790156000000000000e+06,3.390000000000000000e+02
4.791088000000000000e+06,3.330000000000000000e+02
4.792024000000000000e+06,3.420000000000000000e+02
4.792960000000000000e+06,3.470000000000000000e+02
4.793896000000000000e+06,3.480000000000000000e+02
4.794828000000000000e+06,3.440000000000000000e+02
4.795764000000000000e+06,3.420000000000000000e+02
4.796700000000000000e+06,3.440000000000000000e+02
4.797636000000000000e+06,3.380000000000000000e+02
4.798568000000000000e+06,3.340000000000000000e+02
4.799508000000000000e+06,3.350000000000000000e+02
4.800440000000000000e+06,3.390000000000000000e+02
4.801376000000000000e+06,3.400000000000000000e+02
4.802308000000000000e+06,3.370000000000000000e+02
4.803244000000000000e+06,3.450000000000000000e+02
4.804180000000000000e+06,3.440000000000000000e+02
4.805116000000000000e+06,3.560000000000000000e+02
4.806048000000000000e+06,3.440000000000000000e+02
4.806984000000000000e+06,3.440000000000000000e+02
4.807920000000000000e+06,3.450000000000000000e+02
4.808856000000000000e+06,3.400000000000000000e+02
4.809788000000000000e+06,3.470000000000000000e+02
4.810724000000000000e+06,3.440000000000000000e+02
4.811660000000000000e+06,3.350000000000000000e+02
4.812596000000000000e+06,3.420000000000000000e+02
4.813528000000000000e+06,3.440000000000000000e+02
4.814464000000000000e+06,3.440000000000000000e+02
4.815400000000000000e+06,3.500000000000000000e+02
4.816336000000000000e+06,3.480000000000000000e+02
4.817268000000000000e+06,3.350000000000000000e+02
4.818204000000000000e+06,3.390000000000000000e+02
4.819140000000000000e+06,3.410000000000000000e+02
4.820076000000000000e+06,3.410000000000000000e+02
4.821012000000000000e+06,3.450000000000000000e+02
4.821944000000000000e+06,3.470000000000000000e+02
4.822880000000000000e+06,3.480000000000000000e+02
4.823816000000000000e+06,3.450000000000000000e+02
4.824748000000000000e+06,3.350000000000000000e+02
4.825684000000000000e+06,3.340000000000000000e+02
4.826620000000000000e+06,3.380000000000000000e+02
4.827556000000000000e+06,3.390000000000000000e+02
4.828488000000000000e+06,3.390000000000000000e+02
4.829424000000000000e+06,3.390000000000000000e+02
4.830360000000000000e+06,3.390000000000000000e+02
4.831296000000000000e+06,3.410000000000000000e+02
4.832228000000000000e+06,3.350000000000000000e+02
4.833164000000000000e+06,3.370000000000000000e+02
4.834100000000000000e+06,3.450000000000000000e+02
4.835036000000000000e+06,3.440000000000000000e+02
4.835968000000000000e+06,3.290000000000000000e+02
4.836904000000000000e+06,3.170000000000000000e+02
4.837840000000000000e+06,3.320000000000000000e+02
4.838776000000000000e+06,3.500000000000000000e+02
4.839708000000000000e+06,3.430000000000000000e+02
4.840644000000000000e+06,3.350000000000000000e+02
4.841580000000000000e+06,3.370000000000000000e+02
4.842516000000000000e+06,3.440000000000000000e+02
4.843448000000000000e+06,3.420000000000000000e+02
4.844384000000000000e+06,3.420000000000000000e+02
4.845320000000000000e+06,3.470000000000000000e+02
4.846256000000000000e+06,3.360000000000000000e+02
4.847188000000000000e+06,3.360000000000000000e+02
4.848124000000000000e+06,3.380000000000000000e+02
4.849060000000000000e+06,3.350000000000000000e+02
4.849996000000000000e+06,3.380000000000000000e+02
4.850928000000000000e+06,3.420000000000000000e+02
4.851864000000000000e+06,3.450000000000000000e+02
4.852800000000000000e+06,3.450000000000000000e+02
4.853736000000000000e+06,3.440000000000000000e+02
4.854668000000000000e+06,3.390000000000000000e+02
4.855604000000000000e+06,3.370000000000000000e+02
4.856540000000000000e+06,3.450000000000000000e+02
4.857476000000000000e+06,3.360000000000000000e+02
4.858408000000000000e+06,3.320000000000000000e+02
4.859344000000000000e+06,3.440000000000000000e+02
4.860280000000000000e+06,3.400000000000000000e+02
4.861216000000000000e+06,3.450000000000000000e+02
4.862148000000000000e+06,3.450000000000000000e+02
4.863084000000000000e+06,3.430000000000000000e+02
4.864020000000000000e+06,3.430000000000000000e+02
4.864956000000000000e+06,3.390000000000000000e+02
4.865888000000000000e+06,3.390000000000000000e+02
4.866824000000000000e+06,3.440000000000000000e+02
4.867760000000000000e+06,3.390000000000000000e+02
4.868696000000000000e+06,3.440000000000000000e+02
4.869628000000000000e+06,3.320000000000000000e+02
4.870564000000000000e+06,3.420000000000000000e+02
4.871500000000000000e+06,3.350000000000000000e+02
4.872436000000000000e+06,3.350000000000000000e+02
4.873368000000000000e+06,3.390000000000000000e+02
4.874304000000000000e+06,3.400000000000000000e+02
4.875240000000000000e+06,3.460000000000000000e+02
4.876176000000000000e+06,3.440000000000000000e+02
4.877108000000000000e+06,3.390000000000000000e+02
4.878044000000000000e+06,3.340000000000000000e+02
4.878980000000000000e+06,3.270000000000000000e+02
4.879916000000000000e+06,3.520000000000000000e+02
4.880848000000000000e+06,3.360000000000000000e+02
4.881784000000000000e+06,3.360000000000000000e+02
4.882720000000000000e+06,3.350000000000000000e+02
4.883656000000000000e+06,3.400000000000000000e+02
4.884588000000000000e+06,3.390000000000000000e+02
4.885524000000000000e+06,3.440000000000000000e+02
4.886460000000000000e+06,3.340000000000000000e+02
4.887396000000000000e+06,3.350000000000000000e+02
4.888328000000000000e+06,3.410000000000000000e+02
4.889264000000000000e+06,3.510000000000000000e+02
4.890200000000000000e+06,3.450000000000000000e+02
4.891136000000000000e+06,3.450000000000000000e+02
4.892068000000000000e+06,3.350000000000000000e+02
4.893004000000000000e+06,3.310000000000000000e+02
4.893940000000000000e+06,3.370000000000000000e+02
4.894876000000000000e+06,3.430000000000000000e+02
4.895808000000000000e+06,3.450000000000000000e+02
4.896744000000000000e+06,3.380000000000000000e+02
4.897680000000000000e+06,3.390000000000000000e+02
4.898616000000000000e+06,3.440000000000000000e+02
4.899548000000000000e+06,3.430000000000000000e+02
4.900484000000000000e+06,3.470000000000000000e+02
4.901420000000000000e+06,3.440000000000000000e+02
4.902356000000000000e+06,3.390000000000000000e+02
4.903288000000000000e+06,3.390000000000000000e+02
4.904224000000000000e+06,3.440000000000000000e+02
4.905160000000000000e+06,3.520000000000000000e+02
4.906096000000000000e+06,3.390000000000000000e+02
4.907028000000000000e+06,3.320000000000000000e+02
4.907964000000000000e+06,3.330000000000000000e+02
4.908900000000000000e+06,3.390000000000000000e+02
4.909836000000000000e+06,3.350000000000000000e+02
4.910768000000000000e+06,3.320000000000000000e+02
4.911704000000000000e+06,3.420000000000000000e+02
4.912640000000000000e+06,3.400000000000000000e+02
4.913576000000000000e+06,3.440000000000000000e+02
4.914508000000000000e+06,3.320000000000000000e+02
4.915444000000000000e+06,3.290000000000000000e+02
4.916380000000000000e+06,3.340000000000000000e+02
4.917316000000000000e+06,3.390000000000000000e+02
4.918248000000000000e+06,3.450000000000000000e+02
4.919184000000000000e+06,3.390000000000000000e+02
4.920120000000000000e+06,3.400000000000000000e+02
4.921056000000000000e+06,3.370000000000000000e+02
4.921988000000000000e+06,3.390000000000000000e+02
4.922924000000000000e+06,3.440000000000000000e+02
4.923860000000000000e+06,3.380000000000000000e+02
4.924796000000000000e+06,3.490000000000000000e+02
4.925728000000000000e+06,3.520000000000000000e+02
4.926664000000000000e+06,3.440000000000000000e+02
4.927600000000000000e+06,3.350000000000000000e+02
4.928536000000000000e+06,3.430000000000000000e+02
4.929468000000000000e+06,3.350000000000000000e+02
4.930404000000000000e+06,3.360000000000000000e+02
4.931340000000000000e+06,3.480000000000000000e+02
4.932276000000000000e+06,3.390000000000000000e+02
4.933208000000000000e+06,3.430000000000000000e+02
4.934144000000000000e+06,3.390000000000000000e+02
4.935080000000000000e+06,3.390000000000000000e+02
4.936016000000000000e+06,3.370000000000000000e+02
4.936948000000000000e+06,3.430000000000000000e+02
4.937884000000000000e+06,3.410000000000000000e+02
4.938820000000000000e+06,3.340000000000000000e+02
4.939756000000000000e+06,3.370000000000000000e+02
4.940688000000000000e+06,3.380000000000000000e+02
4.941624000000000000e+06,3.390000000000000000e+02
4.942560000000000000e+06,3.440000000000000000e+02
4.943496000000000000e+06,3.450000000000000000e+02
4.944428000000000000e+06,3.470000000000000000e+02
4.945364000000000000e+06,3.390000000000000000e+02
4.946300000000000000e+06,3.350000000000000000e+02
4.947236000000000000e+06,3.350000000000000000e+02
4.948168000000000000e+06,3.370000000000000000e+02
4.949104000000000000e+06,3.520000000000000000e+02
4.950040000000000000e+06,3.340000000000000000e+02
4.950976000000000000e+06,3.500000000000000000e+02
4.951908000000000000e+06,3.390000000000000000e+02
4.952844000000000000e+06,3.400000000000000000e+02
4.953780000000000000e+06,3.390000000000000000e+02
4.954716000000000000e+06,3.410000000000000000e+02
4.955648000000000000e+06,3.360000000000000000e+02
4.956584000000000000e+06,3.370000000000000000e+02
4.957520000000000000e+06,3.470000000000000000e+02
4.958456000000000000e+06,3.540000000000000000e+02
4.959388000000000000e+06,3.500000000000000000e+02
4.960324000000000000e+06,3.480000000000000000e+02
4.961260000000000000e+06,3.520000000000000000e+02
4.962196000000000000e+06,3.480000000000000000e+02
4.963128000000000000e+06,3.350000000000000000e+02
4.964064000000000000e+06,3.400000000000000000e+02
4.965000000000000000e+06,3.350000000000000000e+02
4.965936000000000000e+06,3.430000000000000000e+02
4.966868000000000000e+06,3.420000000000000000e+02
4.967804000000000000e+06,3.400000000000000000e+02
4.968740000000000000e+06,3.440000000000000000e+02
4.969676000000000000e+06,3.410000000000000000e+02
4.970608000000000000e+06,3.390000000000000000e+02
4.971544000000000000e+06,3.400000000000000000e+02
4.972480000000000000e+06,3.350000000000000000e+02
4.973416000000000000e+06,3.370000000000000000e+02
4.974348000000000000e+06,3.390000000000000000e+02
4.975284000000000000e+06,3.480000000000000000e+02
4.976220000000000000e+06,3.420000000000000000e+02
4.977156000000000000e+06,3.400000000000000000e+02
4.978088000000000000e+06,3.390000000000000000e+02
4.979024000000000000e+06,3.290000000000000000e+02
4.979960000000000000e+06,3.310000000000000000e+02
4.980896000000000000e+06,3.440000000000000000e+02
4.981828000000000000e+06,3.420000000000000000e+02
4.982764000000000000e+06,3.440000000000000000e+02
4.983700000000000000e+06,3.470000000000000000e+02
4.984636000000000000e+06,3.420000000000000000e+02
4.985568000000000000e+06,3.330000000000000000e+02
4.986504000000000000e+06,3.410000000000000000e+02
4.987440000000000000e+06,3.400000000000000000e+02
4.988376000000000000e+06,3.480000000000000000e+02
4.989308000000000000e+06,3.440000000000000000e+02
4.990244000000000000e+06,3.480000000000000000e+02
4.991180000000000000e+06,3.480000000000000000e+02
4.992116000000000000e+06,3.420000000000000000e+02
4.993048000000000000e+06,3.350000000000000000e+02
4.993984000000000000e+06,3.320000000000000000e+02
4.994920000000000000e+06,3.350000000000000000e+02
4.995856000000000000e+06,3.440000000000000000e+02
4.996788000000000000e+06,3.440000000000000000e+02
4.997724000000000000e+06,3.400000000000000000e+02
4.998660000000000000e+06,3.440000000000000000e+02
4.999596000000000000e+06,3.550000000000000000e+02
5.000528000000000000e+06,3.440000000000000000e+02
5.001464000000000000e+06,3.540000000000000000e+02
5.002400000000000000e+06,3.390000000000000000e+02
5.003336000000000000e+06,3.430000000000000000e+02
5.004268000000000000e+06,3.510000000000000000e+02
5.005204000000000000e+06,3.520000000000000000e+02
5.006140000000000000e+06,3.440000000000000000e+02
5.007076000000000000e+06,3.400000000000000000e+02
5.008008000000000000e+06,3.320000000000000000e+02
5.008944000000000000e+06,3.520000000000000000e+02
5.009880000000000000e+06,3.390000000000000000e+02
5.010816000000000000e+06,3.420000000000000000e+02
5.011748000000000000e+06,3.520000000000000000e+02
5.012684000000000000e+06,3.390000000000000000e+02
5.013620000000000000e+06,3.400000000000000000e+02
5.014556000000000000e+06,3.520000000000000000e+02
5.015488000000000000e+06,3.520000000000000000e+02
5.016424000000000000e+06,3.460000000000000000e+02
5.017360000000000000e+06,3.550000000000000000e+02
5.018296000000000000e+06,3.550000000000000000e+02
5.019228000000000000e+06,3.630000000000000000e+02
5.020164000000000000e+06,3.550000000000000000e+02
5.021100000000000000e+06,3.480000000000000000e+02
5.022036000000000000e+06,3.390000000000000000e+02
5.022968000000000000e+06,3.370000000000000000e+02
5.023904000000000000e+06,3.290000000000000000e+02
5.024840000000000000e+06,3.340000000000000000e+02
5.025776000000000000e+06,3.470000000000000000e+02
5.026708000000000000e+06,3.440000000000000000e+02
5.027644000000000000e+06,3.370000000000000000e+02
5.028580000000000000e+06,3.400000000000000000e+02
5.029516000000000000e+06,3.500000000000000000e+02
5.030448000000000000e+06,3.530000000000000000e+02
5.031384000000000000e+06,3.410000000000000000e+02
5.032320000000000000e+06,3.320000000000000000e+02
5.033256000000000000e+06,3.210000000000000000e+02
5.034188000000000000e+06,3.180000000000000000e+02
5.035124000000000000e+06,3.440000000000000000e+02
5.036060000000000000e+06,3.540000000000000000e+02
5.036996000000000000e+06,3.530000000000000000e+02
5.037928000000000000e+06,3.530000000000000000e+02
5.038864000000000000e+06,3.530000000000000000e+02
5.039800000000000000e+06,3.500000000000000000e+02
5.040736000000000000e+06,3.390000000000000000e+02
5.041668000000000000e+06,3.360000000000000000e+02
5.042604000000000000e+06,3.350000000000000000e+02
5.043540000000000000e+06,3.390000000000000000e+02
5.044476000000000000e+06,3.420000000000000000e+02
5.045408000000000000e+06,3.440000000000000000e+02
5.046344000000000000e+06,3.450000000000000000e+02
5.047280000000000000e+06,3.450000000000000000e+02
5.048216000000000000e+06,3.480000000000000000e+02
5.049148000000000000e+06,3.520000000000000000e+02
5.050084000000000000e+06,3.440000000000000000e+02
5.051020000000000000e+06,3.300000000000000000e+02
5.051956000000000000e+06,3.320000000000000000e+02
5.052888000000000000e+06,3.330000000000000000e+02
5.053824000000000000e+06,3.400000000000000000e+02
5.054760000000000000e+06,3.550000000000000000e+02
5.055696000000000000e+06,3.590000000000000000e+02
5.056628000000000000e+06,3.560000000000000000e+02
5.057564000000000000e+06,3.390000000000000000e+02
5.058500000000000000e+06,3.230000000000000000e+02
5.059436000000000000e+06,3.120000000000000000e+02
5.060368000000000000e+06,3.260000000000000000e+02
5.061304000000000000e+06,3.450000000000000000e+02
5.062240000000000000e+06,3.520000000000000000e+02
5.063176000000000000e+06,3.390000000000000000e+02
5.064108000000000000e+06,3.370000000000000000e+02
5.065044000000000000e+06,3.360000000000000000e+02
5.065980000000000000e+06,3.390000000000000000e+02
5.066916000000000000e+06,3.440000000000000000e+02
5.067848000000000000e+06,3.370000000000000000e+02
5.068784000000000000e+06,3.270000000000000000e+02
5.069720000000000000e+06,3.450000000000000000e+02
5.070656000000000000e+06,3.350000000000000000e+02
5.071588000000000000e+06,3.400000000000000000e+02
5.072524000000000000e+06,3.380000000000000000e+02
5.073460000000000000e+06,3.480000000000000000e+02
5.074396000000000000e+06,3.400000000000000000e+02
5.075328000000000000e+06,3.350000000000000000e+02
5.076264000000000000e+06,3.270000000000000000e+02
5.077200000000000000e+06,3.340000000000000000e+02
5.078136000000000000e+06,3.390000000000000000e+02
5.079068000000000000e+06,3.290000000000000000e+02
5.080004000000000000e+06,3.300000000000000000e+02
5.080940000000000000e+06,3.350000000000000000e+02
5.081876000000000000e+06,3.240000000000000000e+02
5.082808000000000000e+06,3.290000000000000000e+02
5.083744000000000000e+06,3.330000000000000000e+02
5.084680000000000000e+06,3.320000000000000000e+02
5.085616000000000000e+06,3.350000000000000000e+02
5.086548000000000000e+06,3.310000000000000000e+02
5.087484000000000000e+06,3.400000000000000000e+02
5.088420000000000000e+06,3.420000000000000000e+02
5.089356000000000000e+06,3.500000000000000000e+02
5.090288000000000000e+06,3.530000000000000000e+02
5.091224000000000000e+06,3.480000000000000000e+02
5.092160000000000000e+06,3.370000000000000000e+02
5.093096000000000000e+06,3.320000000000000000e+02
5.094028000000000000e+06,3.340000000000000000e+02
5.094964000000000000e+06,3.350000000000000000e+02
5.095900000000000000e+06,3.390000000000000000e+02
5.096836000000000000e+06,3.420000000000000000e+02
5.097768000000000000e+06,3.400000000000000000e+02
5.098704000000000000e+06,3.350000000000000000e+02
5.099640000000000000e+06,3.400000000000000000e+02
5.100576000000000000e+06,3.390000000000000000e+02
5.101508000000000000e+06,3.400000000000000000e+02
5.102444000000000000e+06,3.370000000000000000e+02
5.103380000000000000e+06,3.370000000000000000e+02
5.104316000000000000e+06,3.420000000000000000e+02
5.105248000000000000e+06,3.350000000000000000e+02
5.106184000000000000e+06,3.410000000000000000e+02
5.107120000000000000e+06,3.430000000000000000e+02
5.108056000000000000e+06,3.450000000000000000e+02
5.108988000000000000e+06,3.390000000000000000e+02
5.109924000000000000e+06,3.390000000000000000e+02
5.110860000000000000e+06,3.420000000000000000e+02
5.111796000000000000e+06,3.440000000000000000e+02
5.112728000000000000e+06,3.410000000000000000e+02
5.113664000000000000e+06,3.350000000000000000e+02
5.115536000000000000e+06,3.390000000000000000e+02
5.116468000000000000e+06,3.390000000000000000e+02
5.117404000000000000e+06,3.400000000000000000e+02
5.118340000000000000e+06,3.470000000000000000e+02
5.119276000000000000e+06,3.530000000000000000e+02
5.120208000000000000e+06,3.390000000000000000e+02
5.121144000000000000e+06,3.390000000000000000e+02
5.122080000000000000e+06,3.380000000000000000e+02
5.123016000000000000e+06,3.440000000000000000e+02
5.123948000000000000e+06,3.370000000000000000e+02
5.124884000000000000e+06,3.350000000000000000e+02
5.125820000000000000e+06,3.420000000000000000e+02
5.126756000000000000e+06,3.460000000000000000e+02
5.127688000000000000e+06,3.480000000000000000e+02
5.128624000000000000e+06,3.470000000000000000e+02
5.129560000000000000e+06,3.390000000000000000e+02
5.130496000000000000e+06,3.410000000000000000e+02
5.131428000000000000e+06,3.320000000000000000e+02
5.132364000000000000e+06,3.420000000000000000e+02
5.133300000000000000e+06,3.400000000000000000e+02
5.134236000000000000e+06,3.440000000000000000e+02
5.135168000000000000e+06,3.480000000000000000e+02
5.136104000000000000e+06,3.480000000000000000e+02
5.137040000000000000e+06,3.350000000000000000e+02
5.137976000000000000e+06,3.480000000000000000e+02
5.138908000000000000e+06,3.440000000000000000e+02
5.139844000000000000e+06,3.450000000000000000e+02
5.140780000000000000e+06,3.440000000000000000e+02
5.141716000000000000e+06,3.370000000000000000e+02
5.142648000000000000e+06,3.330000000000000000e+02
5.143584000000000000e+06,3.380000000000000000e+02
5.144520000000000000e+06,3.450000000000000000e+02
5.145456000000000000e+06,3.450000000000000000e+02
5.146388000000000000e+06,3.350000000000000000e+02
5.147324000000000000e+06,3.390000000000000000e+02
5.148260000000000000e+06,3.440000000000000000e+02
5.149196000000000000e+06,3.420000000000000000e+02
5.150128000000000000e+06,3.390000000000000000e+02
5.151064000000000000e+06,3.420000000000000000e+02
5.152000000000000000e+06,3.440000000000000000e+02
5.152936000000000000e+06,3.480000000000000000e+02
5.153868000000000000e+06,3.390000000000000000e+02
5.154804000000000000e+06,3.440000000000000000e+02
5.155740000000000000e+06,3.420000000000000000e+02
5.156676000000000000e+06,3.520000000000000000e+02
5.157608000000000000e+06,3.390000000000000000e+02
5.158544000000000000e+06,3.490000000000000000e+02
5.159480000000000000e+06,3.420000000000000000e+02
5.160416000000000000e+06,3.370000000000000000e+02
5.161348000000000000e+06,3.470000000000000000e+02
5.162284000000000000e+06,3.440000000000000000e+02
5.163220000000000000e+06,3.530000000000000000e+02
5.164156000000000000e+06,3.440000000000000000e+02
5.165088000000000000e+06,3.390000000000000000e+02
5.166024000000000000e+06,3.360000000000000000e+02
5.166960000000000000e+06,3.400000000000000000e+02
5.167896000000000000e+06,3.430000000000000000e+02
5.168828000000000000e+06,3.440000000000000000e+02
5.169764000000000000e+06,3.330000000000000000e+02
5.170700000000000000e+06,3.520000000000000000e+02
5.171636000000000000e+06,3.440000000000000000e+02
5.172568000000000000e+06,3.350000000000000000e+02
5.173504000000000000e+06,3.350000000000000000e+02
5.174440000000000000e+06,3.420000000000000000e+02
5.175376000000000000e+06,3.370000000000000000e+02
5.176308000000000000e+06,3.390000000000000000e+02
5.177244000000000000e+06,3.390000000000000000e+02
5.178180000000000000e+06,3.350000000000000000e+02
5.179116000000000000e+06,3.440000000000000000e+02
5.180984000000000000e+06,3.480000000000000000e+02
5.181920000000000000e+06,3.500000000000000000e+02
5.182856000000000000e+06,3.520000000000000000e+02
5.183788000000000000e+06,3.450000000000000000e+02
5.184724000000000000e+06,3.390000000000000000e+02
5.185660000000000000e+06,3.420000000000000000e+02
5.186596000000000000e+06,3.400000000000000000e+02
5.187528000000000000e+06,3.520000000000000000e+02
5.188464000000000000e+06,3.440000000000000000e+02
5.189400000000000000e+06,3.480000000000000000e+02
5.190336000000000000e+06,3.450000000000000000e+02
5.191268000000000000e+06,3.500000000000000000e+02
5.192204000000000000e+06,3.500000000000000000e+02
5.193140000000000000e+06,3.440000000000000000e+02
5.194076000000000000e+06,3.350000000000000000e+02
5.195008000000000000e+06,3.340000000000000000e+02
5.195944000000000000e+06,3.390000000000000000e+02
5.196880000000000000e+06,3.470000000000000000e+02
5.197816000000000000e+06,3.490000000000000000e+02
5.198748000000000000e+06,3.420000000000000000e+02
5.199684000000000000e+06,3.520000000000000000e+02
5.200620000000000000e+06,3.450000000000000000e+02
5.201556000000000000e+06,3.420000000000000000e+02
5.202488000000000000e+06,3.390000000000000000e+02
5.203424000000000000e+06,3.440000000000000000e+02
5.204360000000000000e+06,3.430000000000000000e+02
5.205296000000000000e+06,3.370000000000000000e+02
5.206228000000000000e+06,3.380000000000000000e+02
5.207164000000000000e+06,3.470000000000000000e+02
5.208100000000000000e+06,3.480000000000000000e+02
5.209036000000000000e+06,3.480000000000000000e+02
5.209968000000000000e+06,3.390000000000000000e+02
5.210904000000000000e+06,3.360000000000000000e+02
5.211840000000000000e+06,3.440000000000000000e+02
5.212776000000000000e+06,3.450000000000000000e+02
5.213708000000000000e+06,3.370000000000000000e+02
5.214644000000000000e+06,3.430000000000000000e+02
5.215580000000000000e+06,3.390000000000000000e+02
5.216516000000000000e+06,3.390000000000000000e+02
5.217448000000000000e+06,3.350000000000000000e+02
5.218384000000000000e+06,3.320000000000000000e+02
5.219320000000000000e+06,3.350000000000000000e+02
5.220256000000000000e+06,3.440000000000000000e+02
5.221188000000000000e+06,3.350000000000000000e+02
5.222124000000000000e+06,3.400000000000000000e+02
5.223060000000000000e+06,3.350000000000000000e+02
5.223996000000000000e+06,3.350000000000000000e+02
5.224928000000000000e+06,3.320000000000000000e+02
5.225864000000000000e+06,3.450000000000000000e+02
5.226800000000000000e+06,3.490000000000000000e+02
5.227736000000000000e+06,3.380000000000000000e+02
5.228668000000000000e+06,3.310000000000000000e+02
5.229604000000000000e+06,3.520000000000000000e+02
5.230540000000000000e+06,3.480000000000000000e+02
5.231476000000000000e+06,3.480000000000000000e+02
5.232408000000000000e+06,3.470000000000000000e+02
5.233344000000000000e+06,3.350000000000000000e+02
5.234280000000000000e+06,3.350000000000000000e+02
5.235216000000000000e+06,3.340000000000000000e+02
5.236148000000000000e+06,3.370000000000000000e+02
5.237084000000000000e+06,3.330000000000000000e+02
5.238020000000000000e+06,3.320000000000000000e+02
5.238956000000000000e+06,3.270000000000000000e+02
5.239888000000000000e+06,3.360000000000000000e+02
5.240824000000000000e+06,3.380000000000000000e+02
5.241760000000000000e+06,3.350000000000000000e+02
5.242696000000000000e+06,3.320000000000000000e+02
5.243628000000000000e+06,3.360000000000000000e+02
5.244564000000000000e+06,3.500000000000000000e+02
5.246436000000000000e+06,3.440000000000000000e+02
5.247368000000000000e+06,3.370000000000000000e+02
5.248304000000000000e+06,3.440000000000000000e+02
5.249240000000000000e+06,3.520000000000000000e+02
5.250176000000000000e+06,3.500000000000000000e+02
5.251108000000000000e+06,3.420000000000000000e+02
5.252044000000000000e+06,3.470000000000000000e+02
5.252980000000000000e+06,3.440000000000000000e+02
5.253916000000000000e+06,3.450000000000000000e+02
5.254848000000000000e+06,3.420000000000000000e+02
5.255784000000000000e+06,3.390000000000000000e+02
5.256720000000000000e+06,3.400000000000000000e+02
5.257656000000000000e+06,3.380000000000000000e+02
5.258588000000000000e+06,3.400000000000000000e+02
5.259524000000000000e+06,3.340000000000000000e+02
5.260460000000000000e+06,3.350000000000000000e+02
5.261396000000000000e+06,3.440000000000000000e+02
5.262328000000000000e+06,3.470000000000000000e+02
5.263264000000000000e+06,3.480000000000000000e+02
5.264200000000000000e+06,3.480000000000000000e+02
5.265136000000000000e+06,3.440000000000000000e+02
5.266068000000000000e+06,3.450000000000000000e+02
5.267004000000000000e+06,3.510000000000000000e+02
5.267940000000000000e+06,3.440000000000000000e+02
5.268876000000000000e+06,3.480000000000000000e+02
5.269808000000000000e+06,3.500000000000000000e+02
5.270744000000000000e+06,3.470000000000000000e+02
5.271680000000000000e+06,3.440000000000000000e+02
5.272616000000000000e+06,3.390000000000000000e+02
5.273548000000000000e+06,3.440000000000000000e+02
5.274484000000000000e+06,3.560000000000000000e+02
5.275420000000000000e+06,3.480000000000000000e+02
5.276356000000000000e+06,3.420000000000000000e+02
5.277288000000000000e+06,3.440000000000000000e+02
5.278224000000000000e+06,3.420000000000000000e+02
5.279160000000000000e+06,3.440000000000000000e+02
5.280096000000000000e+06,3.510000000000000000e+02
5.281028000000000000e+06,3.440000000000000000e+02
5.281964000000000000e+06,3.540000000000000000e+02
5.282900000000000000e+06,3.530000000000000000e+02
5.283836000000000000e+06,3.370000000000000000e+02
5.284768000000000000e+06,3.370000000000000000e+02
5.285704000000000000e+06,3.440000000000000000e+02
5.286640000000000000e+06,3.550000000000000000e+02
5.287576000000000000e+06,3.530000000000000000e+02
5.288508000000000000e+06,3.500000000000000000e+02
5.289444000000000000e+06,3.440000000000000000e+02
5.290380000000000000e+06,3.430000000000000000e+02
5.291316000000000000e+06,3.350000000000000000e+02
5.292248000000000000e+06,3.420000000000000000e+02
5.293184000000000000e+06,3.520000000000000000e+02
5.294120000000000000e+06,3.590000000000000000e+02
5.295056000000000000e+06,3.410000000000000000e+02
5.295988000000000000e+06,3.430000000000000000e+02
5.296924000000000000e+06,3.520000000000000000e+02
5.297860000000000000e+06,3.480000000000000000e+02
5.298796000000000000e+06,3.370000000000000000e+02
5.299728000000000000e+06,3.490000000000000000e+02
5.300664000000000000e+06,3.640000000000000000e+02
5.301600000000000000e+06,3.520000000000000000e+02
5.302536000000000000e+06,3.520000000000000000e+02
5.303468000000000000e+06,3.440000000000000000e+02
5.304404000000000000e+06,3.440000000000000000e+02
5.305340000000000000e+06,3.270000000000000000e+02
5.306276000000000000e+06,3.350000000000000000e+02
5.307208000000000000e+06,3.460000000000000000e+02
5.308144000000000000e+06,3.490000000000000000e+02
5.309080000000000000e+06,3.570000000000000000e+02
5.310016000000000000e+06,3.440000000000000000e+02
5.310948000000000000e+06,3.480000000000000000e+02
5.311884000000000000e+06,3.500000000000000000e+02
5.312820000000000000e+06,3.520000000000000000e+02
5.313756000000000000e+06,3.370000000000000000e+02
5.314688000000000000e+06,3.390000000000000000e+02
5.315624000000000000e+06,3.420000000000000000e+02
5.316560000000000000e+06,3.560000000000000000e+02
5.317496000000000000e+06,3.560000000000000000e+02
5.318428000000000000e+06,3.600000000000000000e+02
5.319364000000000000e+06,3.520000000000000000e+02
5.320300000000000000e+06,3.450000000000000000e+02
5.321236000000000000e+06,3.530000000000000000e+02
5.322168000000000000e+06,3.450000000000000000e+02
5.323104000000000000e+06,3.240000000000000000e+02
5.324040000000000000e+06,3.200000000000000000e+02
5.324976000000000000e+06,3.400000000000000000e+02
5.325908000000000000e+06,3.580000000000000000e+02
5.326844000000000000e+06,3.560000000000000000e+02
5.327780000000000000e+06,3.390000000000000000e+02
5.328716000000000000e+06,3.270000000000000000e+02
5.329648000000000000e+06,3.230000000000000000e+02
5.330584000000000000e+06,3.380000000000000000e+02
5.331520000000000000e+06,3.390000000000000000e+02
5.332456000000000000e+06,3.370000000000000000e+02
5.333388000000000000e+06,3.660000000000000000e+02
5.334324000000000000e+06,3.580000000000000000e+02
5.335260000000000000e+06,3.490000000000000000e+02
5.336196000000000000e+06,3.350000000000000000e+02
5.337128000000000000e+06,3.270000000000000000e+02
5.338064000000000000e+06,3.290000000000000000e+02
5.339000000000000000e+06,3.390000000000000000e+02
5.339936000000000000e+06,3.340000000000000000e+02
5.340868000000000000e+06,3.390000000000000000e+02
5.341804000000000000e+06,3.590000000000000000e+02
5.342740000000000000e+06,3.730000000000000000e+02
5.343676000000000000e+06,3.590000000000000000e+02
5.344608000000000000e+06,3.340000000000000000e+02
5.345544000000000000e+06,3.290000000000000000e+02
5.346480000000000000e+06,3.350000000000000000e+02
5.347416000000000000e+06,3.450000000000000000e+02
5.348348000000000000e+06,3.470000000000000000e+02
5.349284000000000000e+06,3.480000000000000000e+02
5.350220000000000000e+06,3.370000000000000000e+02
5.351156000000000000e+06,3.320000000000000000e+02
5.352088000000000000e+06,3.230000000000000000e+02
5.353024000000000000e+06,3.460000000000000000e+02
5.353960000000000000e+06,3.520000000000000000e+02
5.354896000000000000e+06,3.460000000000000000e+02
5.355828000000000000e+06,3.290000000000000000e+02
5.356764000000000000e+06,3.190000000000000000e+02
5.357700000000000000e+06,3.310000000000000000e+02
5.358636000000000000e+06,3.360000000000000000e+02
5.359568000000000000e+06,3.440000000000000000e+02
5.360504000000000000e+06,3.400000000000000000e+02
5.361440000000000000e+06,3.420000000000000000e+02
5.362376000000000000e+06,3.480000000000000000e+02
5.363308000000000000e+06,3.360000000000000000e+02
5.364244000000000000e+06,3.310000000000000000e+02
5.365180000000000000e+06,3.160000000000000000e+02
5.366116000000000000e+06,3.260000000000000000e+02
5.367048000000000000e+06,3.400000000000000000e+02
5.367984000000000000e+06,3.510000000000000000e+02
5.368920000000000000e+06,3.530000000000000000e+02
5.369856000000000000e+06,3.380000000000000000e+02
5.370788000000000000e+06,3.390000000000000000e+02
5.371724000000000000e+06,3.350000000000000000e+02
5.372660000000000000e+06,3.390000000000000000e+02
5.373596000000000000e+06,3.490000000000000000e+02
5.374528000000000000e+06,3.450000000000000000e+02
5.375464000000000000e+06,3.390000000000000000e+02
5.376400000000000000e+06,3.370000000000000000e+02
5.377336000000000000e+06,3.560000000000000000e+02
5.378268000000000000e+06,3.660000000000000000e+02
5.379204000000000000e+06,3.310000000000000000e+02
5.380140000000000000e+06,3.240000000000000000e+02
5.381076000000000000e+06,3.270000000000000000e+02
5.382008000000000000e+06,3.350000000000000000e+02
5.382944000000000000e+06,3.450000000000000000e+02
5.383880000000000000e+06,3.530000000000000000e+02
5.384816000000000000e+06,3.590000000000000000e+02
5.385748000000000000e+06,3.560000000000000000e+02
5.386684000000000000e+06,3.350000000000000000e+02
5.387620000000000000e+06,3.320000000000000000e+02
5.388556000000000000e+06,3.390000000000000000e+02
5.389488000000000000e+06,3.320000000000000000e+02
5.390424000000000000e+06,3.440000000000000000e+02
5.391364000000000000e+06,3.500000000000000000e+02
5.392296000000000000e+06,3.500000000000000000e+02
5.393228000000000000e+06,3.450000000000000000e+02
5.394164000000000000e+06,3.400000000000000000e+02
5.395100000000000000e+06,3.380000000000000000e+02
5.396036000000000000e+06,3.440000000000000000e+02
5.396968000000000000e+06,3.440000000000000000e+02
5.397904000000000000e+06,3.420000000000000000e+02
5.398840000000000000e+06,3.520000000000000000e+02
5.399776000000000000e+06,3.860000000000000000e+02
5.400708000000000000e+06,3.640000000000000000e+02
5.401644000000000000e+06,3.420000000000000000e+02
5.402580000000000000e+06,3.340000000000000000e+02
5.403516000000000000e+06,3.370000000000000000e+02
5.404448000000000000e+06,3.550000000000000000e+02
5.405384000000000000e+06,3.670000000000000000e+02
5.406320000000000000e+06,3.590000000000000000e+02
5.407256000000000000e+06,3.310000000000000000e+02
5.408188000000000000e+06,3.180000000000000000e+02
5.409124000000000000e+06,3.330000000000000000e+02
5.410060000000000000e+06,3.400000000000000000e+02
5.410996000000000000e+06,3.500000000000000000e+02
5.411928000000000000e+06,3.590000000000000000e+02
5.412872000000000000e+06,3.410000000000000000e+02
5.413800000000000000e+06,3.230000000000000000e+02
5.414736000000000000e+06,3.230000000000000000e+02
5.415668000000000000e+06,3.350000000000000000e+02
5.416604000000000000e+06,3.370000000000000000e+02
5.417540000000000000e+06,3.480000000000000000e+02
5.418476000000000000e+06,3.540000000000000000e+02
5.419408000000000000e+06,3.520000000000000000e+02
5.420344000000000000e+06,3.310000000000000000e+02
5.421280000000000000e+06,3.270000000000000000e+02
5.422216000000000000e+06,3.320000000000000000e+02
5.423148000000000000e+06,3.490000000000000000e+02
5.424084000000000000e+06,3.440000000000000000e+02
5.425020000000000000e+06,3.550000000000000000e+02
5.425956000000000000e+06,3.660000000000000000e+02
5.426888000000000000e+06,3.470000000000000000e+02
5.427824000000000000e+06,3.330000000000000000e+02
5.428760000000000000e+06,3.260000000000000000e+02
5.429696000000000000e+06,3.460000000000000000e+02
5.430628000000000000e+06,3.400000000000000000e+02
5.431564000000000000e+06,3.480000000000000000e+02
5.432500000000000000e+06,3.480000000000000000e+02
5.433436000000000000e+06,3.450000000000000000e+02
5.434376000000000000e+06,3.470000000000000000e+02
5.435304000000000000e+06,3.470000000000000000e+02
5.436240000000000000e+06,3.440000000000000000e+02
5.437176000000000000e+06,3.400000000000000000e+02
5.438108000000000000e+06,3.520000000000000000e+02
5.439044000000000000e+06,3.550000000000000000e+02
5.439980000000000000e+06,3.440000000000000000e+02
5.440916000000000000e+06,3.480000000000000000e+02
5.441848000000000000e+06,3.580000000000000000e+02
5.442784000000000000e+06,3.750000000000000000e+02
5.443720000000000000e+06,3.590000000000000000e+02
5.444656000000000000e+06,3.370000000000000000e+02
5.445588000000000000e+06,3.390000000000000000e+02
5.446524000000000000e+06,3.320000000000000000e+02
5.447460000000000000e+06,3.230000000000000000e+02
5.448396000000000000e+06,3.170000000000000000e+02
5.449328000000000000e+06,3.250000000000000000e+02
5.450264000000000000e+06,3.410000000000000000e+02
5.451200000000000000e+06,3.340000000000000000e+02
5.452136000000000000e+06,3.390000000000000000e+02
5.453068000000000000e+06,3.450000000000000000e+02
5.454004000000000000e+06,3.520000000000000000e+02
5.454940000000000000e+06,3.610000000000000000e+02
5.455880000000000000e+06,3.610000000000000000e+02
5.456808000000000000e+06,3.510000000000000000e+02
5.457744000000000000e+06,3.390000000000000000e+02
5.458680000000000000e+06,3.320000000000000000e+02
5.459616000000000000e+06,3.200000000000000000e+02
5.460548000000000000e+06,3.260000000000000000e+02
5.461484000000000000e+06,3.380000000000000000e+02
5.462420000000000000e+06,3.280000000000000000e+02
5.463356000000000000e+06,3.260000000000000000e+02
5.464288000000000000e+06,3.350000000000000000e+02
5.465224000000000000e+06,3.480000000000000000e+02
5.466160000000000000e+06,3.550000000000000000e+02
5.467096000000000000e+06,3.390000000000000000e+02
5.468028000000000000e+06,3.480000000000000000e+02
5.468964000000000000e+06,3.400000000000000000e+02
5.469900000000000000e+06,3.390000000000000000e+02
5.470836000000000000e+06,3.390000000000000000e+02
5.471768000000000000e+06,3.390000000000000000e+02
5.472704000000000000e+06,3.460000000000000000e+02
5.473640000000000000e+06,3.590000000000000000e+02
5.474576000000000000e+06,3.610000000000000000e+02
5.475508000000000000e+06,3.500000000000000000e+02
5.476444000000000000e+06,3.440000000000000000e+02
5.477384000000000000e+06,3.480000000000000000e+02
5.478316000000000000e+06,3.470000000000000000e+02
5.479248000000000000e+06,3.440000000000000000e+02
5.480184000000000000e+06,3.260000000000000000e+02
5.481120000000000000e+06,3.420000000000000000e+02
5.482056000000000000e+06,3.350000000000000000e+02
5.482988000000000000e+06,3.530000000000000000e+02
5.483924000000000000e+06,3.480000000000000000e+02
5.484860000000000000e+06,3.520000000000000000e+02
5.485796000000000000e+06,3.440000000000000000e+02
5.486728000000000000e+06,3.370000000000000000e+02
5.487664000000000000e+06,3.270000000000000000e+02
5.488600000000000000e+06,3.330000000000000000e+02
5.489536000000000000e+06,3.520000000000000000e+02
5.490468000000000000e+06,3.550000000000000000e+02
5.491404000000000000e+06,3.550000000000000000e+02
5.492340000000000000e+06,3.400000000000000000e+02
5.493276000000000000e+06,3.320000000000000000e+02
5.494208000000000000e+06,3.450000000000000000e+02
5.495144000000000000e+06,3.400000000000000000e+02
5.496080000000000000e+06,3.340000000000000000e+02
5.497016000000000000e+06,3.370000000000000000e+02
5.497948000000000000e+06,3.490000000000000000e+02
5.498892000000000000e+06,3.450000000000000000e+02
5.499820000000000000e+06,3.390000000000000000e+02
5.500756000000000000e+06,3.220000000000000000e+02
5.501688000000000000e+06,3.310000000000000000e+02
5.502624000000000000e+06,3.410000000000000000e+02
5.503560000000000000e+06,3.520000000000000000e+02
5.504496000000000000e+06,3.580000000000000000e+02
5.505428000000000000e+06,3.440000000000000000e+02
5.506364000000000000e+06,3.400000000000000000e+02
5.507300000000000000e+06,3.520000000000000000e+02
5.508236000000000000e+06,3.610000000000000000e+02
5.509168000000000000e+06,3.510000000000000000e+02
5.510104000000000000e+06,3.400000000000000000e+02
5.511040000000000000e+06,3.390000000000000000e+02
5.511976000000000000e+06,3.500000000000000000e+02
5.512908000000000000e+06,3.590000000000000000e+02
5.513844000000000000e+06,3.500000000000000000e+02
5.514780000000000000e+06,3.470000000000000000e+02
5.515716000000000000e+06,3.450000000000000000e+02
5.516648000000000000e+06,3.480000000000000000e+02
5.517584000000000000e+06,3.550000000000000000e+02
5.518520000000000000e+06,3.410000000000000000e+02
5.519456000000000000e+06,3.310000000000000000e+02
5.520396000000000000e+06,3.190000000000000000e+02
5.521324000000000000e+06,3.120000000000000000e+02
5.522260000000000000e+06,3.210000000000000000e+02
5.523196000000000000e+06,3.330000000000000000e+02
5.524128000000000000e+06,3.390000000000000000e+02
5.525064000000000000e+06,3.620000000000000000e+02
5.526000000000000000e+06,3.710000000000000000e+02
5.526936000000000000e+06,3.550000000000000000e+02
5.527868000000000000e+06,3.320000000000000000e+02
5.528804000000000000e+06,3.230000000000000000e+02
5.529740000000000000e+06,3.340000000000000000e+02
5.530676000000000000e+06,3.480000000000000000e+02
5.531608000000000000e+06,3.590000000000000000e+02
5.532544000000000000e+06,3.550000000000000000e+02
5.533480000000000000e+06,3.530000000000000000e+02
5.534416000000000000e+06,3.480000000000000000e+02
5.535348000000000000e+06,3.390000000000000000e+02
5.536284000000000000e+06,3.310000000000000000e+02
5.537220000000000000e+06,3.230000000000000000e+02
5.538156000000000000e+06,3.260000000000000000e+02
5.539088000000000000e+06,3.260000000000000000e+02
5.540024000000000000e+06,3.740000000000000000e+02
5.540960000000000000e+06,3.720000000000000000e+02
5.541900000000000000e+06,3.630000000000000000e+02
5.542828000000000000e+06,3.480000000000000000e+02
5.543764000000000000e+06,3.270000000000000000e+02
5.544700000000000000e+06,3.180000000000000000e+02
5.545636000000000000e+06,3.210000000000000000e+02
5.546568000000000000e+06,3.270000000000000000e+02
5.547504000000000000e+06,3.180000000000000000e+02
5.548440000000000000e+06,3.210000000000000000e+02
5.549376000000000000e+06,3.320000000000000000e+02
5.550308000000000000e+06,3.390000000000000000e+02
5.551244000000000000e+06,3.440000000000000000e+02
5.552180000000000000e+06,3.350000000000000000e+02
5.553116000000000000e+06,3.230000000000000000e+02
5.554048000000000000e+06,3.290000000000000000e+02
5.554984000000000000e+06,3.450000000000000000e+02
5.555920000000000000e+06,3.440000000000000000e+02
5.556856000000000000e+06,3.440000000000000000e+02
5.557788000000000000e+06,3.390000000000000000e+02
5.558724000000000000e+06,3.350000000000000000e+02
5.559660000000000000e+06,3.240000000000000000e+02
5.560596000000000000e+06,3.310000000000000000e+02
5.561528000000000000e+06,3.330000000000000000e+02
5.562464000000000000e+06,3.390000000000000000e+02
5.563408000000000000e+06,3.470000000000000000e+02
5.564336000000000000e+06,3.480000000000000000e+02
5.565268000000000000e+06,3.440000000000000000e+02
5.566204000000000000e+06,3.440000000000000000e+02
5.567140000000000000e+06,3.430000000000000000e+02
5.568076000000000000e+06,3.420000000000000000e+02
5.569008000000000000e+06,3.370000000000000000e+02
5.569944000000000000e+06,3.500000000000000000e+02
5.570880000000000000e+06,3.530000000000000000e+02
5.571816000000000000e+06,3.520000000000000000e+02
5.572748000000000000e+06,3.330000000000000000e+02
5.573684000000000000e+06,3.260000000000000000e+02
5.574620000000000000e+06,3.370000000000000000e+02
5.575556000000000000e+06,3.480000000000000000e+02
5.576488000000000000e+06,3.420000000000000000e+02
5.577424000000000000e+06,3.340000000000000000e+02
5.578360000000000000e+06,3.350000000000000000e+02
5.579296000000000000e+06,3.360000000000000000e+02
5.580228000000000000e+06,3.390000000000000000e+02
5.581164000000000000e+06,3.430000000000000000e+02
5.582100000000000000e+06,3.400000000000000000e+02
5.583036000000000000e+06,3.390000000000000000e+02
5.583968000000000000e+06,3.480000000000000000e+02
5.584912000000000000e+06,3.470000000000000000e+02
5.585840000000000000e+06,3.440000000000000000e+02
5.586776000000000000e+06,3.430000000000000000e+02
5.587708000000000000e+06,3.350000000000000000e+02
5.588644000000000000e+06,3.390000000000000000e+02
5.589580000000000000e+06,3.450000000000000000e+02
5.590516000000000000e+06,3.450000000000000000e+02
5.591448000000000000e+06,3.450000000000000000e+02
5.592384000000000000e+06,3.390000000000000000e+02
5.593320000000000000e+06,3.440000000000000000e+02
5.594256000000000000e+06,3.550000000000000000e+02
5.595188000000000000e+06,3.590000000000000000e+02
5.596124000000000000e+06,3.580000000000000000e+02
5.597060000000000000e+06,3.340000000000000000e+02
5.597996000000000000e+06,3.140000000000000000e+02
5.598928000000000000e+06,3.260000000000000000e+02
5.599864000000000000e+06,3.400000000000000000e+02
5.600800000000000000e+06,3.480000000000000000e+02
5.601736000000000000e+06,3.390000000000000000e+02
5.602668000000000000e+06,3.390000000000000000e+02
5.603604000000000000e+06,3.500000000000000000e+02
5.604540000000000000e+06,3.490000000000000000e+02
5.605476000000000000e+06,3.520000000000000000e+02
5.606416000000000000e+06,3.430000000000000000e+02
5.607344000000000000e+06,3.340000000000000000e+02
5.608280000000000000e+06,3.370000000000000000e+02
5.609216000000000000e+06,3.350000000000000000e+02
5.610148000000000000e+06,3.400000000000000000e+02
5.611084000000000000e+06,3.370000000000000000e+02
5.612020000000000000e+06,3.320000000000000000e+02
5.612956000000000000e+06,3.420000000000000000e+02
5.613888000000000000e+06,3.520000000000000000e+02
5.614824000000000000e+06,3.580000000000000000e+02
5.615760000000000000e+06,3.500000000000000000e+02
5.616696000000000000e+06,3.500000000000000000e+02
5.617628000000000000e+06,3.500000000000000000e+02
5.618564000000000000e+06,3.440000000000000000e+02
5.619500000000000000e+06,3.350000000000000000e+02
5.620436000000000000e+06,3.320000000000000000e+02
5.621368000000000000e+06,3.260000000000000000e+02
5.622304000000000000e+06,3.350000000000000000e+02
5.623240000000000000e+06,3.440000000000000000e+02
5.624176000000000000e+06,3.420000000000000000e+02
5.625108000000000000e+06,3.510000000000000000e+02
5.626044000000000000e+06,3.470000000000000000e+02
5.626980000000000000e+06,3.550000000000000000e+02
5.627920000000000000e+06,3.430000000000000000e+02
5.628848000000000000e+06,3.400000000000000000e+02
5.629784000000000000e+06,3.330000000000000000e+02
5.630720000000000000e+06,3.320000000000000000e+02
5.631656000000000000e+06,3.470000000000000000e+02
5.632588000000000000e+06,3.470000000000000000e+02
5.633524000000000000e+06,3.350000000000000000e+02
5.634460000000000000e+06,3.320000000000000000e+02
5.635396000000000000e+06,3.410000000000000000e+02
5.636328000000000000e+06,3.470000000000000000e+02
5.637264000000000000e+06,3.470000000000000000e+02
5.638200000000000000e+06,3.440000000000000000e+02
5.639136000000000000e+06,3.400000000000000000e+02
5.640068000000000000e+06,3.310000000000000000e+02
5.641004000000000000e+06,3.350000000000000000e+02
5.641940000000000000e+06,3.440000000000000000e+02
5.642876000000000000e+06,3.480000000000000000e+02
5.643808000000000000e+06,3.500000000000000000e+02
5.644744000000000000e+06,3.400000000000000000e+02
5.645680000000000000e+06,3.490000000000000000e+02
5.646616000000000000e+06,3.540000000000000000e+02
5.647548000000000000e+06,3.440000000000000000e+02
5.648484000000000000e+06,3.360000000000000000e+02
5.649424000000000000e+06,3.320000000000000000e+02
5.650356000000000000e+06,3.270000000000000000e+02
5.651288000000000000e+06,3.450000000000000000e+02
5.652224000000000000e+06,3.440000000000000000e+02
5.653160000000000000e+06,3.390000000000000000e+02
5.654096000000000000e+06,3.320000000000000000e+02
5.655028000000000000e+06,3.370000000000000000e+02
5.655964000000000000e+06,3.430000000000000000e+02
5.656900000000000000e+06,3.580000000000000000e+02
5.657836000000000000e+06,3.500000000000000000e+02
5.658768000000000000e+06,3.370000000000000000e+02
5.659704000000000000e+06,3.330000000000000000e+02
5.660640000000000000e+06,3.350000000000000000e+02
5.661576000000000000e+06,3.470000000000000000e+02
5.662508000000000000e+06,3.500000000000000000e+02
5.663444000000000000e+06,3.500000000000000000e+02
5.664380000000000000e+06,3.400000000000000000e+02
5.665316000000000000e+06,3.370000000000000000e+02
5.666248000000000000e+06,3.320000000000000000e+02
5.667184000000000000e+06,3.380000000000000000e+02
5.668120000000000000e+06,3.440000000000000000e+02
5.669056000000000000e+06,3.510000000000000000e+02
5.669988000000000000e+06,3.470000000000000000e+02
5.670932000000000000e+06,3.500000000000000000e+02
5.671860000000000000e+06,3.440000000000000000e+02
5.672796000000000000e+06,3.350000000000000000e+02
5.673728000000000000e+06,3.340000000000000000e+02
5.674664000000000000e+06,3.320000000000000000e+02
5.675600000000000000e+06,3.340000000000000000e+02
5.676536000000000000e+06,3.430000000000000000e+02
5.677468000000000000e+06,3.270000000000000000e+02
5.678404000000000000e+06,3.270000000000000000e+02
5.679340000000000000e+06,3.350000000000000000e+02
5.680276000000000000e+06,3.520000000000000000e+02
5.681208000000000000e+06,3.370000000000000000e+02
5.682144000000000000e+06,3.430000000000000000e+02
5.683080000000000000e+06,3.390000000000000000e+02
5.684016000000000000e+06,3.370000000000000000e+02
5.684948000000000000e+06,3.340000000000000000e+02
5.685884000000000000e+06,3.320000000000000000e+02
5.686820000000000000e+06,3.390000000000000000e+02
5.687756000000000000e+06,3.440000000000000000e+02
5.688688000000000000e+06,3.540000000000000000e+02
5.689624000000000000e+06,3.450000000000000000e+02
5.690560000000000000e+06,3.390000000000000000e+02
5.691496000000000000e+06,3.410000000000000000e+02
5.692436000000000000e+06,3.440000000000000000e+02
5.693364000000000000e+06,3.370000000000000000e+02
5.694300000000000000e+06,3.370000000000000000e+02
5.695236000000000000e+06,3.310000000000000000e+02
5.696168000000000000e+06,3.380000000000000000e+02
5.697104000000000000e+06,3.340000000000000000e+02
5.698040000000000000e+06,3.320000000000000000e+02
5.698976000000000000e+06,3.320000000000000000e+02
5.699908000000000000e+06,3.390000000000000000e+02
5.700844000000000000e+06,3.400000000000000000e+02
5.701780000000000000e+06,3.420000000000000000e+02
5.702716000000000000e+06,3.440000000000000000e+02
5.703648000000000000e+06,3.440000000000000000e+02
5.704584000000000000e+06,3.520000000000000000e+02
5.705520000000000000e+06,3.450000000000000000e+02
5.706456000000000000e+06,3.410000000000000000e+02
5.707388000000000000e+06,3.470000000000000000e+02
5.708324000000000000e+06,3.390000000000000000e+02
5.709260000000000000e+06,3.500000000000000000e+02
5.710196000000000000e+06,3.440000000000000000e+02
5.711128000000000000e+06,3.440000000000000000e+02
5.712064000000000000e+06,3.480000000000000000e+02
5.713000000000000000e+06,3.430000000000000000e+02
5.713940000000000000e+06,3.450000000000000000e+02
5.714868000000000000e+06,3.440000000000000000e+02
5.715804000000000000e+06,3.410000000000000000e+02
5.716740000000000000e+06,3.320000000000000000e+02
5.717676000000000000e+06,3.370000000000000000e+02
5.718608000000000000e+06,3.420000000000000000e+02
5.719544000000000000e+06,3.420000000000000000e+02
5.720480000000000000e+06,3.380000000000000000e+02
5.721416000000000000e+06,3.400000000000000000e+02
5.722348000000000000e+06,3.510000000000000000e+02
5.723284000000000000e+06,3.550000000000000000e+02
5.724220000000000000e+06,3.550000000000000000e+02
5.725156000000000000e+06,3.500000000000000000e+02
5.726088000000000000e+06,3.580000000000000000e+02
5.727024000000000000e+06,3.440000000000000000e+02
5.727960000000000000e+06,3.370000000000000000e+02
5.728896000000000000e+06,3.340000000000000000e+02
5.729828000000000000e+06,3.320000000000000000e+02
5.730764000000000000e+06,3.340000000000000000e+02
5.731700000000000000e+06,3.380000000000000000e+02
5.732636000000000000e+06,3.440000000000000000e+02
5.733568000000000000e+06,3.370000000000000000e+02
5.734504000000000000e+06,3.510000000000000000e+02
5.735444000000000000e+06,3.480000000000000000e+02
5.736376000000000000e+06,3.350000000000000000e+02
5.737308000000000000e+06,3.360000000000000000e+02
5.738244000000000000e+06,3.520000000000000000e+02
5.739180000000000000e+06,3.590000000000000000e+02
5.740116000000000000e+06,3.560000000000000000e+02
5.741048000000000000e+06,3.400000000000000000e+02
5.741984000000000000e+06,3.310000000000000000e+02
5.742920000000000000e+06,3.350000000000000000e+02
5.743856000000000000e+06,3.370000000000000000e+02
5.744788000000000000e+06,3.370000000000000000e+02
5.745724000000000000e+06,3.390000000000000000e+02
5.746660000000000000e+06,3.390000000000000000e+02
5.747596000000000000e+06,3.470000000000000000e+02
5.748528000000000000e+06,3.500000000000000000e+02
5.749464000000000000e+06,3.640000000000000000e+02
5.750400000000000000e+06,3.530000000000000000e+02
5.751336000000000000e+06,3.400000000000000000e+02
5.752268000000000000e+06,3.350000000000000000e+02
5.753204000000000000e+06,3.350000000000000000e+02
5.754140000000000000e+06,3.530000000000000000e+02
5.755076000000000000e+06,3.550000000000000000e+02
5.756008000000000000e+06,3.500000000000000000e+02
5.756948000000000000e+06,3.490000000000000000e+02
5.757880000000000000e+06,3.320000000000000000e+02
5.758816000000000000e+06,3.350000000000000000e+02
5.759748000000000000e+06,3.470000000000000000e+02
5.760684000000000000e+06,3.440000000000000000e+02
5.761620000000000000e+06,3.390000000000000000e+02
5.762556000000000000e+06,3.310000000000000000e+02
5.763488000000000000e+06,3.340000000000000000e+02
5.764424000000000000e+06,3.420000000000000000e+02
5.765360000000000000e+06,3.500000000000000000e+02
5.766296000000000000e+06,3.510000000000000000e+02
5.767228000000000000e+06,3.450000000000000000e+02
5.768164000000000000e+06,3.370000000000000000e+02
5.769100000000000000e+06,3.450000000000000000e+02
5.770036000000000000e+06,3.480000000000000000e+02
5.770968000000000000e+06,3.530000000000000000e+02
5.771904000000000000e+06,3.590000000000000000e+02
5.772840000000000000e+06,3.630000000000000000e+02
5.773776000000000000e+06,3.550000000000000000e+02
5.774708000000000000e+06,3.350000000000000000e+02
5.775644000000000000e+06,3.210000000000000000e+02
5.776580000000000000e+06,3.260000000000000000e+02
5.777516000000000000e+06,3.340000000000000000e+02
5.778452000000000000e+06,3.520000000000000000e+02
5.779384000000000000e+06,3.540000000000000000e+02
5.780320000000000000e+06,3.640000000000000000e+02
5.781256000000000000e+06,3.440000000000000000e+02
5.782188000000000000e+06,3.340000000000000000e+02
5.783124000000000000e+06,3.430000000000000000e+02
5.784060000000000000e+06,3.390000000000000000e+02
5.784996000000000000e+06,3.260000000000000000e+02
5.785928000000000000e+06,3.370000000000000000e+02
5.786864000000000000e+06,3.540000000000000000e+02
5.787800000000000000e+06,3.500000000000000000e+02
5.788736000000000000e+06,3.440000000000000000e+02
5.789668000000000000e+06,3.450000000000000000e+02
5.790604000000000000e+06,3.390000000000000000e+02
5.791540000000000000e+06,3.370000000000000000e+02
5.792476000000000000e+06,3.510000000000000000e+02
5.793408000000000000e+06,3.560000000000000000e+02
5.794344000000000000e+06,3.470000000000000000e+02
5.795280000000000000e+06,3.340000000000000000e+02
5.796216000000000000e+06,3.260000000000000000e+02
5.797148000000000000e+06,3.260000000000000000e+02
5.798084000000000000e+06,3.350000000000000000e+02
5.799020000000000000e+06,3.480000000000000000e+02
5.799956000000000000e+06,3.540000000000000000e+02
5.800888000000000000e+06,3.480000000000000000e+02
5.801824000000000000e+06,3.440000000000000000e+02
5.802760000000000000e+06,3.340000000000000000e+02
5.803696000000000000e+06,3.390000000000000000e+02
5.804628000000000000e+06,3.490000000000000000e+02
5.805564000000000000e+06,3.420000000000000000e+02
5.806500000000000000e+06,3.340000000000000000e+02
5.807436000000000000e+06,3.310000000000000000e+02
5.808368000000000000e+06,3.440000000000000000e+02
5.809304000000000000e+06,3.420000000000000000e+02
5.810240000000000000e+06,3.290000000000000000e+02
5.811176000000000000e+06,3.260000000000000000e+02
5.812108000000000000e+06,3.230000000000000000e+02
5.813044000000000000e+06,3.290000000000000000e+02
5.813980000000000000e+06,3.280000000000000000e+02
5.814916000000000000e+06,3.310000000000000000e+02
5.815848000000000000e+06,3.360000000000000000e+02
5.816784000000000000e+06,3.490000000000000000e+02
5.817720000000000000e+06,3.420000000000000000e+02
5.818656000000000000e+06,3.390000000000000000e+02
5.819588000000000000e+06,3.230000000000000000e+02
5.820524000000000000e+06,3.320000000000000000e+02
5.821460000000000000e+06,3.420000000000000000e+02
5.822396000000000000e+06,3.430000000000000000e+02
5.823328000000000000e+06,3.440000000000000000e+02
5.824264000000000000e+06,3.420000000000000000e+02
5.825200000000000000e+06,3.350000000000000000e+02
5.826136000000000000e+06,3.320000000000000000e+02
5.827068000000000000e+06,3.350000000000000000e+02
5.828004000000000000e+06,3.350000000000000000e+02
5.828940000000000000e+06,3.370000000000000000e+02
5.829876000000000000e+06,3.420000000000000000e+02
5.830808000000000000e+06,3.320000000000000000e+02
5.831744000000000000e+06,3.420000000000000000e+02
5.832680000000000000e+06,3.390000000000000000e+02
5.833616000000000000e+06,3.390000000000000000e+02
5.834548000000000000e+06,3.350000000000000000e+02
5.836420000000000000e+06,3.430000000000000000e+02
5.837356000000000000e+06,3.390000000000000000e+02
5.838288000000000000e+06,3.430000000000000000e+02
5.839224000000000000e+06,3.420000000000000000e+02
5.840160000000000000e+06,3.480000000000000000e+02
5.841096000000000000e+06,3.390000000000000000e+02
5.842028000000000000e+06,3.380000000000000000e+02
5.842964000000000000e+06,3.320000000000000000e+02
5.843900000000000000e+06,3.360000000000000000e+02
5.844836000000000000e+06,3.370000000000000000e+02
5.845768000000000000e+06,3.440000000000000000e+02
5.846704000000000000e+06,3.390000000000000000e+02
5.847640000000000000e+06,3.480000000000000000e+02
5.848576000000000000e+06,3.340000000000000000e+02
5.849508000000000000e+06,3.390000000000000000e+02
5.850444000000000000e+06,3.350000000000000000e+02
5.851380000000000000e+06,3.470000000000000000e+02
5.852316000000000000e+06,3.440000000000000000e+02
5.853248000000000000e+06,3.420000000000000000e+02
5.854184000000000000e+06,3.420000000000000000e+02
5.855120000000000000e+06,3.430000000000000000e+02
5.856056000000000000e+06,3.400000000000000000e+02
5.856988000000000000e+06,3.430000000000000000e+02
5.857924000000000000e+06,3.430000000000000000e+02
5.858860000000000000e+06,3.480000000000000000e+02
5.859796000000000000e+06,3.420000000000000000e+02
5.860728000000000000e+06,3.370000000000000000e+02
5.861664000000000000e+06,3.260000000000000000e+02
5.862600000000000000e+06,3.320000000000000000e+02
5.863536000000000000e+06,3.390000000000000000e+02
5.864468000000000000e+06,3.450000000000000000e+02
5.865404000000000000e+06,3.450000000000000000e+02
5.866340000000000000e+06,3.410000000000000000e+02
5.867276000000000000e+06,3.400000000000000000e+02
5.868208000000000000e+06,3.530000000000000000e+02
5.869144000000000000e+06,3.590000000000000000e+02
5.870080000000000000e+06,3.500000000000000000e+02
5.871016000000000000e+06,3.480000000000000000e+02
5.871948000000000000e+06,3.510000000000000000e+02
5.872884000000000000e+06,3.430000000000000000e+02
5.873820000000000000e+06,3.350000000000000000e+02
5.874756000000000000e+06,3.400000000000000000e+02
5.875688000000000000e+06,3.440000000000000000e+02
5.876624000000000000e+06,3.520000000000000000e+02
5.877560000000000000e+06,3.480000000000000000e+02
5.878496000000000000e+06,3.390000000000000000e+02
5.879428000000000000e+06,3.370000000000000000e+02
5.880364000000000000e+06,3.450000000000000000e+02
5.881300000000000000e+06,3.510000000000000000e+02
5.882236000000000000e+06,3.500000000000000000e+02
5.883168000000000000e+06,3.410000000000000000e+02
5.884104000000000000e+06,3.400000000000000000e+02
5.885040000000000000e+06,3.430000000000000000e+02
5.885976000000000000e+06,3.440000000000000000e+02
5.886908000000000000e+06,3.400000000000000000e+02
5.887844000000000000e+06,3.320000000000000000e+02
5.888780000000000000e+06,3.390000000000000000e+02
5.889716000000000000e+06,3.440000000000000000e+02
5.890648000000000000e+06,3.490000000000000000e+02
5.891584000000000000e+06,3.450000000000000000e+02
5.892520000000000000e+06,3.530000000000000000e+02
5.893456000000000000e+06,3.480000000000000000e+02
5.894388000000000000e+06,3.390000000000000000e+02
5.895324000000000000e+06,3.390000000000000000e+02
5.896260000000000000e+06,3.450000000000000000e+02
5.897196000000000000e+06,3.440000000000000000e+02
5.898128000000000000e+06,3.530000000000000000e+02
5.899064000000000000e+06,3.420000000000000000e+02
5.900000000000000000e+06,3.210000000000000000e+02
5.901868000000000000e+06,3.440000000000000000e+02
5.902804000000000000e+06,3.480000000000000000e+02
5.903740000000000000e+06,3.450000000000000000e+02
5.904676000000000000e+06,3.390000000000000000e+02
5.905608000000000000e+06,3.450000000000000000e+02
5.906544000000000000e+06,3.450000000000000000e+02
5.907480000000000000e+06,3.440000000000000000e+02
5.908416000000000000e+06,3.390000000000000000e+02
5.909348000000000000e+06,3.520000000000000000e+02
5.910284000000000000e+06,3.420000000000000000e+02
5.911220000000000000e+06,3.390000000000000000e+02
5.912156000000000000e+06,3.380000000000000000e+02
5.913088000000000000e+06,3.350000000000000000e+02
5.914024000000000000e+06,3.420000000000000000e+02
5.914960000000000000e+06,3.430000000000000000e+02
5.915896000000000000e+06,3.420000000000000000e+02
5.916828000000000000e+06,3.450000000000000000e+02
5.917764000000000000e+06,3.400000000000000000e+02
5.918700000000000000e+06,3.330000000000000000e+02
5.919636000000000000e+06,3.230000000000000000e+02
5.920568000000000000e+06,3.420000000000000000e+02
5.921504000000000000e+06,3.470000000000000000e+02
5.922440000000000000e+06,3.350000000000000000e+02
5.923376000000000000e+06,3.320000000000000000e+02
5.924308000000000000e+06,3.390000000000000000e+02
5.925244000000000000e+06,3.510000000000000000e+02
5.926180000000000000e+06,3.480000000000000000e+02
5.927116000000000000e+06,3.350000000000000000e+02
5.928048000000000000e+06,3.370000000000000000e+02
5.928984000000000000e+06,3.390000000000000000e+02
5.929920000000000000e+06,3.530000000000000000e+02
5.930856000000000000e+06,3.530000000000000000e+02
5.931788000000000000e+06,3.500000000000000000e+02
5.932724000000000000e+06,3.350000000000000000e+02
5.933660000000000000e+06,3.350000000000000000e+02
5.934596000000000000e+06,3.460000000000000000e+02
5.935528000000000000e+06,3.390000000000000000e+02
5.936464000000000000e+06,3.350000000000000000e+02
5.937400000000000000e+06,3.340000000000000000e+02
5.938336000000000000e+06,3.390000000000000000e+02
5.939268000000000000e+06,3.440000000000000000e+02
5.940204000000000000e+06,3.440000000000000000e+02
5.941140000000000000e+06,3.350000000000000000e+02
5.942076000000000000e+06,3.340000000000000000e+02
5.943008000000000000e+06,3.420000000000000000e+02
5.943944000000000000e+06,3.360000000000000000e+02
5.944880000000000000e+06,3.320000000000000000e+02
5.945816000000000000e+06,3.440000000000000000e+02
5.946748000000000000e+06,3.390000000000000000e+02
5.947684000000000000e+06,3.400000000000000000e+02
5.948620000000000000e+06,3.470000000000000000e+02
5.949556000000000000e+06,3.400000000000000000e+02
5.950488000000000000e+06,3.370000000000000000e+02
5.951424000000000000e+06,3.440000000000000000e+02
5.952360000000000000e+06,3.420000000000000000e+02
5.953296000000000000e+06,3.430000000000000000e+02
5.954228000000000000e+06,3.340000000000000000e+02
5.955164000000000000e+06,3.350000000000000000e+02
5.956100000000000000e+06,3.340000000000000000e+02
5.957036000000000000e+06,3.370000000000000000e+02
5.957968000000000000e+06,3.270000000000000000e+02
5.958904000000000000e+06,3.390000000000000000e+02
5.959840000000000000e+06,3.370000000000000000e+02
5.960776000000000000e+06,3.380000000000000000e+02
5.961708000000000000e+06,3.350000000000000000e+02
5.962644000000000000e+06,3.350000000000000000e+02
5.963580000000000000e+06,3.320000000000000000e+02
5.964516000000000000e+06,3.370000000000000000e+02
5.965448000000000000e+06,3.440000000000000000e+02
5.967320000000000000e+06,3.400000000000000000e+02
5.968256000000000000e+06,3.440000000000000000e+02
5.969188000000000000e+06,3.340000000000000000e+02
5.970124000000000000e+06,3.340000000000000000e+02
5.971060000000000000e+06,3.460000000000000000e+02
5.971996000000000000e+06,3.500000000000000000e+02
5.972928000000000000e+06,3.470000000000000000e+02
5.973864000000000000e+06,3.340000000000000000e+02
5.974800000000000000e+06,3.370000000000000000e+02
5.975736000000000000e+06,3.400000000000000000e+02
5.976668000000000000e+06,3.440000000000000000e+02
5.977604000000000000e+06,3.400000000000000000e+02
5.978540000000000000e+06,3.480000000000000000e+02
5.979476000000000000e+06,3.330000000000000000e+02
5.980408000000000000e+06,3.370000000000000000e+02
5.981344000000000000e+06,3.390000000000000000e+02
5.982280000000000000e+06,3.490000000000000000e+02
5.983216000000000000e+06,3.510000000000000000e+02
5.984148000000000000e+06,3.350000000000000000e+02
5.985084000000000000e+06,3.450000000000000000e+02
5.986020000000000000e+06,3.380000000000000000e+02
5.986956000000000000e+06,3.440000000000000000e+02
5.987888000000000000e+06,3.380000000000000000e+02
5.988824000000000000e+06,3.230000000000000000e+02
5.989760000000000000e+06,3.350000000000000000e+02
5.990696000000000000e+06,3.350000000000000000e+02
5.991628000000000000e+06,3.420000000000000000e+02
5.992564000000000000e+06,3.420000000000000000e+02
5.993500000000000000e+06,3.440000000000000000e+02
5.994436000000000000e+06,3.420000000000000000e+02
5.995368000000000000e+06,3.370000000000000000e+02
5.996304000000000000e+06,3.370000000000000000e+02
5.997240000000000000e+06,3.400000000000000000e+02
5.998176000000000000e+06,3.450000000000000000e+02
5.999108000000000000e+06,3.400000000000000000e+02
6.000044000000000000e+06,3.410000000000000000e+02
6.000980000000000000e+06,3.350000000000000000e+02
6.001916000000000000e+06,3.400000000000000000e+02
6.002848000000000000e+06,3.380000000000000000e+02
6.003784000000000000e+06,3.350000000000000000e+02
6.004720000000000000e+06,3.370000000000000000e+02
6.005656000000000000e+06,3.390000000000000000e+02
6.006588000000000000e+06,3.390000000000000000e+02
6.007524000000000000e+06,3.460000000000000000e+02
6.008460000000000000e+06,3.500000000000000000e+02
6.009396000000000000e+06,3.390000000000000000e+02
6.010328000000000000e+06,3.370000000000000000e+02
6.011264000000000000e+06,3.350000000000000000e+02
6.012200000000000000e+06,3.400000000000000000e+02
6.013136000000000000e+06,3.480000000000000000e+02
6.014068000000000000e+06,3.440000000000000000e+02
6.015004000000000000e+06,3.360000000000000000e+02
6.015940000000000000e+06,3.390000000000000000e+02
6.016876000000000000e+06,3.390000000000000000e+02
6.017808000000000000e+06,3.390000000000000000e+02
6.018744000000000000e+06,3.560000000000000000e+02
6.019680000000000000e+06,3.500000000000000000e+02
6.020616000000000000e+06,3.320000000000000000e+02
6.021548000000000000e+06,3.340000000000000000e+02
6.022484000000000000e+06,3.420000000000000000e+02
6.023420000000000000e+06,3.490000000000000000e+02
6.024356000000000000e+06,3.470000000000000000e+02
6.025288000000000000e+06,3.420000000000000000e+02
6.026224000000000000e+06,3.450000000000000000e+02
6.027160000000000000e+06,3.420000000000000000e+02
6.028096000000000000e+06,3.400000000000000000e+02
6.029028000000000000e+06,3.400000000000000000e+02
6.029964000000000000e+06,3.440000000000000000e+02
6.030900000000000000e+06,3.450000000000000000e+02
6.031836000000000000e+06,3.480000000000000000e+02
6.032768000000000000e+06,3.480000000000000000e+02
6.033704000000000000e+06,3.370000000000000000e+02
6.034640000000000000e+06,3.420000000000000000e+02
6.035576000000000000e+06,3.440000000000000000e+02
6.036508000000000000e+06,3.390000000000000000e+02
6.037444000000000000e+06,3.390000000000000000e+02
6.038380000000000000e+06,3.450000000000000000e+02
6.039316000000000000e+06,3.390000000000000000e+02
6.040248000000000000e+06,3.390000000000000000e+02
6.041184000000000000e+06,3.420000000000000000e+02
6.042120000000000000e+06,3.450000000000000000e+02
6.043056000000000000e+06,3.520000000000000000e+02
6.043988000000000000e+06,3.400000000000000000e+02
6.044924000000000000e+06,3.380000000000000000e+02
6.045860000000000000e+06,3.390000000000000000e+02
6.046796000000000000e+06,3.390000000000000000e+02
6.047728000000000000e+06,3.440000000000000000e+02
6.048664000000000000e+06,3.370000000000000000e+02
6.049600000000000000e+06,3.390000000000000000e+02
6.050536000000000000e+06,3.450000000000000000e+02
6.051468000000000000e+06,3.420000000000000000e+02
6.052404000000000000e+06,3.440000000000000000e+02
6.053340000000000000e+06,3.390000000000000000e+02
6.054276000000000000e+06,3.400000000000000000e+02
6.055208000000000000e+06,3.440000000000000000e+02
6.056144000000000000e+06,3.430000000000000000e+02
6.057080000000000000e+06,3.350000000000000000e+02
6.058016000000000000e+06,3.440000000000000000e+02
6.058948000000000000e+06,3.390000000000000000e+02
6.059884000000000000e+06,3.390000000000000000e+02
6.060820000000000000e+06,3.470000000000000000e+02
6.061756000000000000e+06,3.440000000000000000e+02
6.062688000000000000e+06,3.440000000000000000e+02
6.063624000000000000e+06,3.480000000000000000e+02
6.064560000000000000e+06,3.440000000000000000e+02
6.065496000000000000e+06,3.500000000000000000e+02
6.066428000000000000e+06,3.440000000000000000e+02
6.067364000000000000e+06,3.350000000000000000e+02
6.068300000000000000e+06,3.450000000000000000e+02
6.069236000000000000e+06,3.340000000000000000e+02
6.070168000000000000e+06,3.350000000000000000e+02
6.071104000000000000e+06,3.380000000000000000e+02
6.072040000000000000e+06,3.370000000000000000e+02
6.072976000000000000e+06,3.420000000000000000e+02
6.073908000000000000e+06,3.390000000000000000e+02
6.074844000000000000e+06,3.420000000000000000e+02
6.075780000000000000e+06,3.420000000000000000e+02
6.076716000000000000e+06,3.420000000000000000e+02
6.077648000000000000e+06,3.400000000000000000e+02
6.078584000000000000e+06,3.480000000000000000e+02
6.079520000000000000e+06,3.410000000000000000e+02
6.080456000000000000e+06,3.480000000000000000e+02
6.081388000000000000e+06,3.500000000000000000e+02
6.082324000000000000e+06,3.480000000000000000e+02
6.083260000000000000e+06,3.450000000000000000e+02
6.084196000000000000e+06,3.380000000000000000e+02
6.085128000000000000e+06,3.350000000000000000e+02
6.086064000000000000e+06,3.400000000000000000e+02
6.087000000000000000e+06,3.440000000000000000e+02
6.087936000000000000e+06,3.520000000000000000e+02
6.088868000000000000e+06,3.360000000000000000e+02
6.089804000000000000e+06,3.430000000000000000e+02
6.090740000000000000e+06,3.400000000000000000e+02
6.091676000000000000e+06,3.370000000000000000e+02
6.092608000000000000e+06,3.350000000000000000e+02
6.093544000000000000e+06,3.410000000000000000e+02
6.094480000000000000e+06,3.480000000000000000e+02
6.095416000000000000e+06,3.480000000000000000e+02
6.096348000000000000e+06,3.490000000000000000e+02
6.097284000000000000e+06,3.440000000000000000e+02
6.098220000000000000e+06,3.340000000000000000e+02
6.099156000000000000e+06,3.350000000000000000e+02
6.100088000000000000e+06,3.420000000000000000e+02
6.101024000000000000e+06,3.520000000000000000e+02
6.101960000000000000e+06,3.420000000000000000e+02
6.102896000000000000e+06,3.450000000000000000e+02
6.103828000000000000e+06,3.400000000000000000e+02
6.104764000000000000e+06,3.520000000000000000e+02
6.105700000000000000e+06,3.520000000000000000e+02
6.106636000000000000e+06,3.480000000000000000e+02
6.107568000000000000e+06,3.370000000000000000e+02
6.108504000000000000e+06,3.370000000000000000e+02
6.109440000000000000e+06,3.350000000000000000e+02
6.110376000000000000e+06,3.400000000000000000e+02
6.111308000000000000e+06,3.430000000000000000e+02
6.112244000000000000e+06,3.520000000000000000e+02
6.113180000000000000e+06,3.480000000000000000e+02
6.114116000000000000e+06,3.410000000000000000e+02
6.115048000000000000e+06,3.350000000000000000e+02
6.115984000000000000e+06,3.260000000000000000e+02
6.116920000000000000e+06,3.290000000000000000e+02
6.117856000000000000e+06,3.380000000000000000e+02
6.118788000000000000e+06,3.440000000000000000e+02
6.119724000000000000e+06,3.470000000000000000e+02
6.120660000000000000e+06,3.560000000000000000e+02
6.121596000000000000e+06,3.500000000000000000e+02
6.122528000000000000e+06,3.420000000000000000e+02
6.123464000000000000e+06,3.490000000000000000e+02
6.124400000000000000e+06,3.470000000000000000e+02
6.125336000000000000e+06,3.500000000000000000e+02
6.126268000000000000e+06,3.390000000000000000e+02
6.127204000000000000e+06,3.360000000000000000e+02
6.128140000000000000e+06,3.340000000000000000e+02
6.129076000000000000e+06,3.390000000000000000e+02
6.130008000000000000e+06,3.400000000000000000e+02
6.130944000000000000e+06,3.290000000000000000e+02
6.131880000000000000e+06,3.340000000000000000e+02
6.132816000000000000e+06,3.370000000000000000e+02
6.133748000000000000e+06,3.350000000000000000e+02
6.134684000000000000e+06,3.440000000000000000e+02
6.135620000000000000e+06,3.440000000000000000e+02
6.136556000000000000e+06,3.430000000000000000e+02
6.137488000000000000e+06,3.370000000000000000e+02
6.138424000000000000e+06,3.340000000000000000e+02
6.139360000000000000e+06,3.330000000000000000e+02
6.140296000000000000e+06,3.420000000000000000e+02
6.141228000000000000e+06,3.420000000000000000e+02
6.142164000000000000e+06,3.420000000000000000e+02
6.143100000000000000e+06,3.350000000000000000e+02
6.144036000000000000e+06,3.350000000000000000e+02
6.144968000000000000e+06,3.370000000000000000e+02
6.145904000000000000e+06,3.400000000000000000e+02
6.146840000000000000e+06,3.440000000000000000e+02
6.147776000000000000e+06,3.430000000000000000e+02
6.148708000000000000e+06,3.470000000000000000e+02
6.149644000000000000e+06,3.320000000000000000e+02
6.150580000000000000e+06,3.380000000000000000e+02
6.151516000000000000e+06,3.430000000000000000e+02
6.152448000000000000e+06,3.380000000000000000e+02
6.153384000000000000e+06,3.420000000000000000e+02
6.154320000000000000e+06,3.390000000000000000e+02
6.155256000000000000e+06,3.420000000000000000e+02
6.156188000000000000e+06,3.450000000000000000e+02
6.157124000000000000e+06,3.480000000000000000e+02
6.158060000000000000e+06,3.340000000000000000e+02
6.158996000000000000e+06,3.470000000000000000e+02
6.159928000000000000e+06,3.410000000000000000e+02
6.160864000000000000e+06,3.400000000000000000e+02
6.161800000000000000e+06,3.350000000000000000e+02
6.162736000000000000e+06,3.310000000000000000e+02
6.163668000000000000e+06,3.370000000000000000e+02
6.164604000000000000e+06,3.370000000000000000e+02
6.165540000000000000e+06,3.350000000000000000e+02
6.166476000000000000e+06,3.330000000000000000e+02
6.167408000000000000e+06,3.390000000000000000e+02
6.168344000000000000e+06,3.290000000000000000e+02
6.169280000000000000e+06,3.480000000000000000e+02
6.170216000000000000e+06,3.390000000000000000e+02
6.171148000000000000e+06,3.500000000000000000e+02
6.172084000000000000e+06,3.340000000000000000e+02
6.173020000000000000e+06,3.280000000000000000e+02
6.173956000000000000e+06,3.350000000000000000e+02
6.174888000000000000e+06,3.350000000000000000e+02
6.175824000000000000e+06,3.470000000000000000e+02
6.176760000000000000e+06,3.420000000000000000e+02
6.177696000000000000e+06,3.420000000000000000e+02
6.178628000000000000e+06,3.500000000000000000e+02
6.179564000000000000e+06,3.350000000000000000e+02
6.180500000000000000e+06,3.410000000000000000e+02
6.181436000000000000e+06,3.390000000000000000e+02
6.182368000000000000e+06,3.420000000000000000e+02
6.183304000000000000e+06,3.400000000000000000e+02
6.184240000000000000e+06,3.340000000000000000e+02
6.185176000000000000e+06,3.440000000000000000e+02
6.186108000000000000e+06,3.440000000000000000e+02
6.187044000000000000e+06,3.400000000000000000e+02
6.187980000000000000e+06,3.490000000000000000e+02
6.188916000000000000e+06,3.400000000000000000e+02
6.189848000000000000e+06,3.360000000000000000e+02
6.190784000000000000e+06,3.490000000000000000e+02
6.191720000000000000e+06,3.460000000000000000e+02
6.192656000000000000e+06,3.390000000000000000e+02
6.193588000000000000e+06,3.390000000000000000e+02
6.194524000000000000e+06,3.410000000000000000e+02
6.195460000000000000e+06,3.390000000000000000e+02
6.196396000000000000e+06,3.390000000000000000e+02
6.197328000000000000e+06,3.360000000000000000e+02
6.198264000000000000e+06,3.420000000000000000e+02
6.199200000000000000e+06,3.370000000000000000e+02
6.200136000000000000e+06,3.420000000000000000e+02
6.201068000000000000e+06,3.440000000000000000e+02
6.202004000000000000e+06,3.390000000000000000e+02
6.202940000000000000e+06,3.420000000000000000e+02
6.203876000000000000e+06,3.480000000000000000e+02
6.204808000000000000e+06,3.400000000000000000e+02
6.205744000000000000e+06,3.380000000000000000e+02
6.206680000000000000e+06,3.420000000000000000e+02
6.207616000000000000e+06,3.480000000000000000e+02
6.208548000000000000e+06,3.390000000000000000e+02
6.209484000000000000e+06,3.450000000000000000e+02
6.210420000000000000e+06,3.390000000000000000e+02
6.211356000000000000e+06,3.450000000000000000e+02
6.212288000000000000e+06,3.570000000000000000e+02
6.213224000000000000e+06,3.500000000000000000e+02
6.214160000000000000e+06,3.440000000000000000e+02
6.215096000000000000e+06,3.450000000000000000e+02
6.216028000000000000e+06,3.320000000000000000e+02
6.216964000000000000e+06,3.350000000000000000e+02
6.217900000000000000e+06,3.440000000000000000e+02
6.218836000000000000e+06,3.350000000000000000e+02
6.219768000000000000e+06,3.350000000000000000e+02
6.220704000000000000e+06,3.370000000000000000e+02
6.221640000000000000e+06,3.330000000000000000e+02
6.222576000000000000e+06,3.400000000000000000e+02
6.223508000000000000e+06,3.480000000000000000e+02
6.224444000000000000e+06,3.500000000000000000e+02
6.225380000000000000e+06,3.410000000000000000e+02
6.226316000000000000e+06,3.460000000000000000e+02
6.227248000000000000e+06,3.440000000000000000e+02
6.228184000000000000e+06,3.390000000000000000e+02
6.229120000000000000e+06,3.440000000000000000e+02
6.230056000000000000e+06,3.400000000000000000e+02
6.230988000000000000e+06,3.420000000000000000e+02
6.231924000000000000e+06,3.410000000000000000e+02
6.232860000000000000e+06,3.370000000000000000e+02
6.233796000000000000e+06,3.400000000000000000e+02
6.234728000000000000e+06,3.390000000000000000e+02
6.235664000000000000e+06,3.400000000000000000e+02
6.236600000000000000e+06,3.450000000000000000e+02
6.237536000000000000e+06,3.350000000000000000e+02
6.238468000000000000e+06,3.440000000000000000e+02
6.239404000000000000e+06,3.440000000000000000e+02
6.240340000000000000e+06,3.440000000000000000e+02
6.241276000000000000e+06,3.360000000000000000e+02
6.242208000000000000e+06,3.400000000000000000e+02
6.243144000000000000e+06,3.440000000000000000e+02
6.244080000000000000e+06,3.430000000000000000e+02
6.245016000000000000e+06,3.390000000000000000e+02
6.245948000000000000e+06,3.470000000000000000e+02
6.246884000000000000e+06,3.470000000000000000e+02
6.247820000000000000e+06,3.400000000000000000e+02
6.248756000000000000e+06,3.390000000000000000e+02
6.249688000000000000e+06,3.420000000000000000e+02
6.250624000000000000e+06,3.430000000000000000e+02
6.251560000000000000e+06,3.430000000000000000e+02
6.252496000000000000e+06,3.400000000000000000e+02
6.253428000000000000e+06,3.410000000000000000e+02
6.254364000000000000e+06,3.390000000000000000e+02
6.255300000000000000e+06,3.350000000000000000e+02
6.256236000000000000e+06,3.350000000000000000e+02
6.257168000000000000e+06,3.350000000000000000e+02
6.258104000000000000e+06,3.350000000000000000e+02
6.259040000000000000e+06,3.420000000000000000e+02
6.259976000000000000e+06,3.440000000000000000e+02
6.260908000000000000e+06,3.460000000000000000e+02
6.261844000000000000e+06,3.450000000000000000e+02
6.262780000000000000e+06,3.450000000000000000e+02
6.263716000000000000e+06,3.400000000000000000e+02
6.264648000000000000e+06,3.390000000000000000e+02
6.265584000000000000e+06,3.440000000000000000e+02
6.266520000000000000e+06,3.430000000000000000e+02
6.267456000000000000e+06,3.400000000000000000e+02
6.268388000000000000e+06,3.440000000000000000e+02
6.269324000000000000e+06,3.450000000000000000e+02
6.270260000000000000e+06,3.480000000000000000e+02
6.271196000000000000e+06,3.390000000000000000e+02
6.272128000000000000e+06,3.360000000000000000e+02
6.273064000000000000e+06,3.350000000000000000e+02
6.274000000000000000e+06,3.420000000000000000e+02
6.274936000000000000e+06,3.390000000000000000e+02
6.275868000000000000e+06,3.420000000000000000e+02
6.276804000000000000e+06,3.420000000000000000e+02
6.277740000000000000e+06,3.380000000000000000e+02
6.278676000000000000e+06,3.350000000000000000e+02
6.279608000000000000e+06,3.460000000000000000e+02
6.280544000000000000e+06,3.450000000000000000e+02
6.281480000000000000e+06,3.410000000000000000e+02
6.282416000000000000e+06,3.430000000000000000e+02
6.283348000000000000e+06,3.450000000000000000e+02
6.284284000000000000e+06,3.500000000000000000e+02
6.285220000000000000e+06,3.440000000000000000e+02
6.286156000000000000e+06,3.390000000000000000e+02
6.287088000000000000e+06,3.370000000000000000e+02
6.288024000000000000e+06,3.420000000000000000e+02
6.288960000000000000e+06,3.240000000000000000e+02
6.289896000000000000e+06,3.420000000000000000e+02
6.290828000000000000e+06,3.360000000000000000e+02
6.291764000000000000e+06,3.350000000000000000e+02
6.292700000000000000e+06,3.350000000000000000e+02
6.293636000000000000e+06,3.440000000000000000e+02
6.294568000000000000e+06,3.450000000000000000e+02
6.295504000000000000e+06,3.400000000000000000e+02
6.296440000000000000e+06,3.440000000000000000e+02
6.297376000000000000e+06,3.440000000000000000e+02
6.298308000000000000e+06,3.420000000000000000e+02
6.299244000000000000e+06,3.520000000000000000e+02
6.300180000000000000e+06,3.460000000000000000e+02
6.301116000000000000e+06,3.460000000000000000e+02
6.302048000000000000e+06,3.430000000000000000e+02
6.302984000000000000e+06,3.390000000000000000e+02
6.303920000000000000e+06,3.390000000000000000e+02
6.304856000000000000e+06,3.350000000000000000e+02
6.305788000000000000e+06,3.450000000000000000e+02
6.306724000000000000e+06,3.520000000000000000e+02
6.307660000000000000e+06,3.340000000000000000e+02
6.308596000000000000e+06,3.320000000000000000e+02
6.309528000000000000e+06,3.420000000000000000e+02
6.310464000000000000e+06,3.390000000000000000e+02
6.311400000000000000e+06,3.350000000000000000e+02
6.312336000000000000e+06,3.370000000000000000e+02
6.313268000000000000e+06,3.400000000000000000e+02
6.314204000000000000e+06,3.390000000000000000e+02
6.315140000000000000e+06,3.390000000000000000e+02
6.316076000000000000e+06,3.380000000000000000e+02
6.317008000000000000e+06,3.370000000000000000e+02
6.317944000000000000e+06,3.390000000000000000e+02
6.318880000000000000e+06,3.390000000000000000e+02
6.319816000000000000e+06,3.350000000000000000e+02
6.320748000000000000e+06,3.440000000000000000e+02
6.321684000000000000e+06,3.420000000000000000e+02
6.322620000000000000e+06,3.380000000000000000e+02
6.323556000000000000e+06,3.320000000000000000e+02
6.324488000000000000e+06,3.360000000000000000e+02
6.325424000000000000e+06,3.390000000000000000e+02
6.326360000000000000e+06,3.350000000000000000e+02
6.327296000000000000e+06,3.390000000000000000e+02
6.328228000000000000e+06,3.390000000000000000e+02
6.329164000000000000e+06,3.350000000000000000e+02
6.330100000000000000e+06,3.400000000000000000e+02
6.331036000000000000e+06,3.480000000000000000e+02
6.331968000000000000e+06,3.440000000000000000e+02
6.332904000000000000e+06,3.450000000000000000e+02
6.333840000000000000e+06,3.500000000000000000e+02
6.334776000000000000e+06,3.480000000000000000e+02
6.335708000000000000e+06,3.480000000000000000e+02
6.336644000000000000e+06,3.470000000000000000e+02
6.337580000000000000e+06,3.450000000000000000e+02
6.338516000000000000e+06,3.400000000000000000e+02
6.339448000000000000e+06,3.210000000000000000e+02
6.340384000000000000e+06,3.320000000000000000e+02
6.341320000000000000e+06,3.370000000000000000e+02
6.342256000000000000e+06,3.510000000000000000e+02
6.343188000000000000e+06,3.520000000000000000e+02
6.344124000000000000e+06,3.480000000000000000e+02
6.345060000000000000e+06,3.390000000000000000e+02
6.345996000000000000e+06,3.360000000000000000e+02
6.346928000000000000e+06,3.390000000000000000e+02
6.347864000000000000e+06,3.420000000000000000e+02
6.348804000000000000e+06,3.500000000000000000e+02
6.349736000000000000e+06,3.500000000000000000e+02
6.350668000000000000e+06,3.350000000000000000e+02
6.351604000000000000e+06,3.350000000000000000e+02
6.352540000000000000e+06,3.390000000000000000e+02
6.353476000000000000e+06,3.380000000000000000e+02
6.354408000000000000e+06,3.480000000000000000e+02
6.355344000000000000e+06,3.430000000000000000e+02
6.356280000000000000e+06,3.500000000000000000e+02
6.357216000000000000e+06,3.530000000000000000e+02
6.358148000000000000e+06,3.550000000000000000e+02
6.359084000000000000e+06,3.260000000000000000e+02
6.360020000000000000e+06,3.440000000000000000e+02
6.360956000000000000e+06,3.390000000000000000e+02
6.361888000000000000e+06,3.420000000000000000e+02
6.362824000000000000e+06,3.410000000000000000e+02
6.363760000000000000e+06,3.340000000000000000e+02
6.364696000000000000e+06,3.350000000000000000e+02
6.365628000000000000e+06,3.420000000000000000e+02
6.366564000000000000e+06,3.480000000000000000e+02
6.367500000000000000e+06,3.450000000000000000e+02
6.368436000000000000e+06,3.480000000000000000e+02
6.369368000000000000e+06,3.450000000000000000e+02
6.370312000000000000e+06,3.350000000000000000e+02
6.371240000000000000e+06,3.360000000000000000e+02
6.372176000000000000e+06,3.420000000000000000e+02
6.373108000000000000e+06,3.450000000000000000e+02
6.374044000000000000e+06,3.520000000000000000e+02
6.374980000000000000e+06,3.520000000000000000e+02
6.375916000000000000e+06,3.450000000000000000e+02
6.376848000000000000e+06,3.450000000000000000e+02
6.377784000000000000e+06,3.370000000000000000e+02
6.378720000000000000e+06,3.500000000000000000e+02
6.379656000000000000e+06,3.460000000000000000e+02
6.380588000000000000e+06,3.350000000000000000e+02
6.381524000000000000e+06,3.390000000000000000e+02
6.382460000000000000e+06,3.520000000000000000e+02
6.383396000000000000e+06,3.590000000000000000e+02
6.384328000000000000e+06,3.520000000000000000e+02
6.385264000000000000e+06,3.430000000000000000e+02
6.386200000000000000e+06,3.440000000000000000e+02
6.387136000000000000e+06,3.450000000000000000e+02
6.388068000000000000e+06,3.550000000000000000e+02
6.389004000000000000e+06,3.550000000000000000e+02
6.389940000000000000e+06,3.480000000000000000e+02
6.390876000000000000e+06,3.390000000000000000e+02
6.391816000000000000e+06,3.390000000000000000e+02
6.392744000000000000e+06,3.440000000000000000e+02
6.393680000000000000e+06,3.420000000000000000e+02
6.394616000000000000e+06,3.440000000000000000e+02
6.395548000000000000e+06,3.440000000000000000e+02
6.396484000000000000e+06,3.450000000000000000e+02
6.397420000000000000e+06,3.390000000000000000e+02
6.398356000000000000e+06,3.450000000000000000e+02
6.399288000000000000e+06,3.510000000000000000e+02
6.400224000000000000e+06,3.590000000000000000e+02
6.401160000000000000e+06,3.450000000000000000e+02
6.402096000000000000e+06,3.320000000000000000e+02
6.403028000000000000e+06,3.340000000000000000e+02
6.403964000000000000e+06,3.320000000000000000e+02
6.404900000000000000e+06,3.370000000000000000e+02
6.405836000000000000e+06,3.420000000000000000e+02
6.406768000000000000e+06,3.480000000000000000e+02
6.407704000000000000e+06,3.530000000000000000e+02
6.408640000000000000e+06,3.340000000000000000e+02
6.409576000000000000e+06,3.350000000000000000e+02
6.410508000000000000e+06,3.390000000000000000e+02
6.411444000000000000e+06,3.350000000000000000e+02
6.412380000000000000e+06,3.510000000000000000e+02
6.413320000000000000e+06,3.440000000000000000e+02
6.414248000000000000e+06,3.370000000000000000e+02
6.415184000000000000e+06,3.440000000000000000e+02
6.416120000000000000e+06,3.420000000000000000e+02
6.417056000000000000e+06,3.440000000000000000e+02
6.417988000000000000e+06,3.500000000000000000e+02
6.418924000000000000e+06,3.690000000000000000e+02
6.419860000000000000e+06,3.760000000000000000e+02
6.420796000000000000e+06,3.480000000000000000e+02
6.421728000000000000e+06,3.320000000000000000e+02
6.422664000000000000e+06,3.290000000000000000e+02
6.423600000000000000e+06,3.490000000000000000e+02
6.424536000000000000e+06,3.560000000000000000e+02
6.425468000000000000e+06,3.680000000000000000e+02
6.426404000000000000e+06,3.520000000000000000e+02
6.427340000000000000e+06,3.150000000000000000e+02
6.428276000000000000e+06,3.060000000000000000e+02
6.429208000000000000e+06,3.100000000000000000e+02
6.430144000000000000e+06,3.520000000000000000e+02
6.431080000000000000e+06,3.580000000000000000e+02
6.432016000000000000e+06,3.350000000000000000e+02
6.432948000000000000e+06,3.170000000000000000e+02
6.433884000000000000e+06,3.230000000000000000e+02
6.434828000000000000e+06,3.350000000000000000e+02
6.435756000000000000e+06,3.370000000000000000e+02
6.436688000000000000e+06,3.350000000000000000e+02
6.437624000000000000e+06,3.550000000000000000e+02
6.438560000000000000e+06,3.610000000000000000e+02
6.439496000000000000e+06,3.590000000000000000e+02
6.440428000000000000e+06,3.340000000000000000e+02
6.441364000000000000e+06,3.230000000000000000e+02
6.442300000000000000e+06,3.260000000000000000e+02
6.443236000000000000e+06,3.250000000000000000e+02
6.444168000000000000e+06,3.270000000000000000e+02
6.445104000000000000e+06,3.270000000000000000e+02
6.446040000000000000e+06,3.350000000000000000e+02
6.446976000000000000e+06,3.470000000000000000e+02
6.447908000000000000e+06,3.590000000000000000e+02
6.448844000000000000e+06,3.410000000000000000e+02
6.449780000000000000e+06,3.270000000000000000e+02
6.450716000000000000e+06,3.290000000000000000e+02
6.451648000000000000e+06,3.390000000000000000e+02
6.452584000000000000e+06,3.400000000000000000e+02
6.453520000000000000e+06,3.490000000000000000e+02
6.454456000000000000e+06,3.520000000000000000e+02
6.455388000000000000e+06,3.520000000000000000e+02
6.456332000000000000e+06,3.370000000000000000e+02
6.457260000000000000e+06,3.180000000000000000e+02
6.458196000000000000e+06,3.160000000000000000e+02
6.459128000000000000e+06,3.260000000000000000e+02
6.460064000000000000e+06,3.400000000000000000e+02
6.461000000000000000e+06,3.370000000000000000e+02
6.461936000000000000e+06,3.490000000000000000e+02
6.462868000000000000e+06,3.530000000000000000e+02
6.463804000000000000e+06,3.510000000000000000e+02
6.464740000000000000e+06,3.440000000000000000e+02
6.465676000000000000e+06,3.480000000000000000e+02
6.466608000000000000e+06,3.490000000000000000e+02
6.467544000000000000e+06,3.510000000000000000e+02
6.468480000000000000e+06,3.430000000000000000e+02
6.469416000000000000e+06,3.470000000000000000e+02
6.470348000000000000e+06,3.490000000000000000e+02
6.471284000000000000e+06,3.480000000000000000e+02
6.472220000000000000e+06,3.350000000000000000e+02
6.473156000000000000e+06,3.470000000000000000e+02
6.474088000000000000e+06,3.510000000000000000e+02
6.475024000000000000e+06,3.430000000000000000e+02
6.475960000000000000e+06,3.350000000000000000e+02
6.476896000000000000e+06,3.550000000000000000e+02
6.477836000000000000e+06,3.580000000000000000e+02
6.478764000000000000e+06,3.350000000000000000e+02
6.479700000000000000e+06,3.320000000000000000e+02
6.480636000000000000e+06,3.550000000000000000e+02
6.481568000000000000e+06,3.500000000000000000e+02
6.482504000000000000e+06,3.380000000000000000e+02
6.483440000000000000e+06,3.440000000000000000e+02
6.484376000000000000e+06,3.510000000000000000e+02
6.485308000000000000e+06,3.510000000000000000e+02
6.486244000000000000e+06,3.590000000000000000e+02
6.487180000000000000e+06,3.330000000000000000e+02
6.488116000000000000e+06,3.290000000000000000e+02
6.489048000000000000e+06,3.480000000000000000e+02
6.489984000000000000e+06,3.550000000000000000e+02
6.490920000000000000e+06,3.470000000000000000e+02
6.491856000000000000e+06,3.580000000000000000e+02
6.492788000000000000e+06,3.590000000000000000e+02
6.493724000000000000e+06,3.580000000000000000e+02
6.494660000000000000e+06,3.370000000000000000e+02
6.495596000000000000e+06,3.370000000000000000e+02
6.496528000000000000e+06,3.390000000000000000e+02
6.497464000000000000e+06,3.550000000000000000e+02
6.498400000000000000e+06,3.530000000000000000e+02
6.499340000000000000e+06,3.430000000000000000e+02
6.500268000000000000e+06,3.450000000000000000e+02
6.501204000000000000e+06,3.400000000000000000e+02
6.502140000000000000e+06,3.240000000000000000e+02
6.503076000000000000e+06,3.190000000000000000e+02
6.504008000000000000e+06,3.400000000000000000e+02
6.504944000000000000e+06,3.580000000000000000e+02
6.505880000000000000e+06,3.380000000000000000e+02
6.506816000000000000e+06,3.210000000000000000e+02
6.507748000000000000e+06,3.270000000000000000e+02
6.508684000000000000e+06,3.480000000000000000e+02
6.509620000000000000e+06,3.520000000000000000e+02
6.510556000000000000e+06,3.550000000000000000e+02
6.511488000000000000e+06,3.530000000000000000e+02
6.512424000000000000e+06,3.410000000000000000e+02
6.513360000000000000e+06,3.370000000000000000e+02
6.514296000000000000e+06,3.520000000000000000e+02
6.515228000000000000e+06,3.630000000000000000e+02
6.516164000000000000e+06,3.610000000000000000e+02
6.517100000000000000e+06,3.250000000000000000e+02
6.518036000000000000e+06,3.120000000000000000e+02
6.518968000000000000e+06,3.230000000000000000e+02
6.519904000000000000e+06,3.440000000000000000e+02
6.520844000000000000e+06,3.370000000000000000e+02
6.521776000000000000e+06,3.370000000000000000e+02
6.522708000000000000e+06,3.320000000000000000e+02
6.523644000000000000e+06,3.390000000000000000e+02
6.524580000000000000e+06,3.440000000000000000e+02
6.525516000000000000e+06,3.480000000000000000e+02
6.526448000000000000e+06,3.440000000000000000e+02
6.527384000000000000e+06,3.500000000000000000e+02
6.528320000000000000e+06,3.440000000000000000e+02
6.529256000000000000e+06,3.390000000000000000e+02
6.530188000000000000e+06,3.270000000000000000e+02
6.531124000000000000e+06,3.210000000000000000e+02
6.532060000000000000e+06,3.350000000000000000e+02
6.532996000000000000e+06,3.440000000000000000e+02
6.533928000000000000e+06,3.340000000000000000e+02
6.534864000000000000e+06,3.170000000000000000e+02
6.535800000000000000e+06,3.340000000000000000e+02
6.536736000000000000e+06,3.440000000000000000e+02
6.537668000000000000e+06,3.480000000000000000e+02
6.538604000000000000e+06,3.390000000000000000e+02
6.539540000000000000e+06,3.230000000000000000e+02
6.540476000000000000e+06,3.130000000000000000e+02
6.541408000000000000e+06,3.210000000000000000e+02
6.542352000000000000e+06,3.270000000000000000e+02
6.543280000000000000e+06,3.310000000000000000e+02
6.544216000000000000e+06,3.440000000000000000e+02
6.545148000000000000e+06,3.390000000000000000e+02
6.546084000000000000e+06,3.410000000000000000e+02
6.547020000000000000e+06,3.420000000000000000e+02
6.547956000000000000e+06,3.500000000000000000e+02
6.548888000000000000e+06,3.320000000000000000e+02
6.549824000000000000e+06,3.260000000000000000e+02
6.550760000000000000e+06,3.240000000000000000e+02
6.551696000000000000e+06,3.370000000000000000e+02
6.552628000000000000e+06,3.390000000000000000e+02
6.553564000000000000e+06,3.510000000000000000e+02
6.554500000000000000e+06,3.530000000000000000e+02
6.555436000000000000e+06,3.530000000000000000e+02
6.557304000000000000e+06,3.270000000000000000e+02
6.558240000000000000e+06,3.330000000000000000e+02
6.559176000000000000e+06,3.520000000000000000e+02
6.560108000000000000e+06,3.510000000000000000e+02
6.561044000000000000e+06,3.480000000000000000e+02
6.561980000000000000e+06,3.440000000000000000e+02
6.562916000000000000e+06,3.370000000000000000e+02
6.563856000000000000e+06,3.530000000000000000e+02
6.564784000000000000e+06,3.640000000000000000e+02
6.565720000000000000e+06,3.480000000000000000e+02
6.566656000000000000e+06,3.500000000000000000e+02
6.567588000000000000e+06,3.470000000000000000e+02
6.568524000000000000e+06,3.420000000000000000e+02
6.569460000000000000e+06,3.440000000000000000e+02
6.570396000000000000e+06,3.350000000000000000e+02
6.571328000000000000e+06,3.230000000000000000e+02
6.572264000000000000e+06,3.290000000000000000e+02
6.573200000000000000e+06,3.440000000000000000e+02
6.574136000000000000e+06,3.580000000000000000e+02
6.575068000000000000e+06,3.480000000000000000e+02
6.576004000000000000e+06,3.480000000000000000e+02
6.576940000000000000e+06,3.440000000000000000e+02
6.577876000000000000e+06,3.590000000000000000e+02
6.578808000000000000e+06,3.440000000000000000e+02
6.579744000000000000e+06,3.350000000000000000e+02
6.580680000000000000e+06,3.320000000000000000e+02
6.581616000000000000e+06,3.280000000000000000e+02
6.582548000000000000e+06,3.350000000000000000e+02
6.583484000000000000e+06,3.510000000000000000e+02
6.584420000000000000e+06,3.520000000000000000e+02
6.585360000000000000e+06,3.490000000000000000e+02
6.586288000000000000e+06,3.520000000000000000e+02
6.587224000000000000e+06,3.370000000000000000e+02
6.588160000000000000e+06,3.460000000000000000e+02
6.589096000000000000e+06,3.400000000000000000e+02
6.590028000000000000e+06,3.480000000000000000e+02
6.590964000000000000e+06,3.480000000000000000e+02
6.591900000000000000e+06,3.380000000000000000e+02
6.592836000000000000e+06,3.330000000000000000e+02
6.593768000000000000e+06,3.490000000000000000e+02
6.594704000000000000e+06,3.510000000000000000e+02
6.595640000000000000e+06,3.490000000000000000e+02
6.596576000000000000e+06,3.530000000000000000e+02
6.597508000000000000e+06,3.440000000000000000e+02
6.598444000000000000e+06,3.440000000000000000e+02
6.599380000000000000e+06,3.450000000000000000e+02
6.600316000000000000e+06,3.590000000000000000e+02
6.601248000000000000e+06,3.610000000000000000e+02
6.602184000000000000e+06,3.610000000000000000e+02
6.603120000000000000e+06,3.440000000000000000e+02
6.604056000000000000e+06,3.230000000000000000e+02
6.604988000000000000e+06,3.470000000000000000e+02
6.605924000000000000e+06,3.560000000000000000e+02
6.606864000000000000e+06,3.550000000000000000e+02
6.607796000000000000e+06,3.190000000000000000e+02
6.608728000000000000e+06,3.290000000000000000e+02
6.609664000000000000e+06,3.530000000000000000e+02
6.610600000000000000e+06,3.500000000000000000e+02
6.611536000000000000e+06,3.390000000000000000e+02
6.612468000000000000e+06,3.180000000000000000e+02
6.613404000000000000e+06,3.270000000000000000e+02
6.614340000000000000e+06,3.350000000000000000e+02
6.615276000000000000e+06,3.350000000000000000e+02
6.616208000000000000e+06,3.450000000000000000e+02
6.617144000000000000e+06,3.410000000000000000e+02
6.618080000000000000e+06,3.510000000000000000e+02
6.619016000000000000e+06,3.820000000000000000e+02
6.619948000000000000e+06,3.650000000000000000e+02
6.620884000000000000e+06,3.370000000000000000e+02
6.622756000000000000e+06,3.520000000000000000e+02
6.623688000000000000e+06,3.470000000000000000e+02
6.624624000000000000e+06,3.480000000000000000e+02
6.625560000000000000e+06,3.550000000000000000e+02
6.626496000000000000e+06,3.630000000000000000e+02
6.627428000000000000e+06,3.750000000000000000e+02
6.628372000000000000e+06,3.990000000000000000e+02
6.629300000000000000e+06,3.960000000000000000e+02
6.630236000000000000e+06,3.770000000000000000e+02
6.631168000000000000e+06,3.410000000000000000e+02
6.632104000000000000e+06,3.060000000000000000e+02
6.633040000000000000e+06,2.920000000000000000e+02
6.633976000000000000e+06,2.910000000000000000e+02
6.634908000000000000e+06,3.000000000000000000e+02
6.635844000000000000e+06,3.080000000000000000e+02
6.636780000000000000e+06,3.160000000000000000e+02
6.637716000000000000e+06,3.130000000000000000e+02
6.638648000000000000e+06,3.120000000000000000e+02
6.639584000000000000e+06,3.190000000000000000e+02
6.640520000000000000e+06,3.210000000000000000e+02
6.641456000000000000e+06,3.350000000000000000e+02
6.642388000000000000e+06,3.520000000000000000e+02
6.643324000000000000e+06,3.330000000000000000e+02
6.644260000000000000e+06,3.270000000000000000e+02
6.645196000000000000e+06,3.370000000000000000e+02
6.646128000000000000e+06,3.350000000000000000e+02
6.647064000000000000e+06,3.400000000000000000e+02
6.648000000000000000e+06,3.420000000000000000e+02
6.648936000000000000e+06,3.400000000000000000e+02
6.649876000000000000e+06,3.330000000000000000e+02
6.650804000000000000e+06,3.470000000000000000e+02
6.651740000000000000e+06,3.450000000000000000e+02
6.652676000000000000e+06,3.320000000000000000e+02
6.653608000000000000e+06,3.370000000000000000e+02
6.654544000000000000e+06,3.350000000000000000e+02
6.655480000000000000e+06,3.360000000000000000e+02
6.656416000000000000e+06,3.440000000000000000e+02
6.657348000000000000e+06,3.340000000000000000e+02
6.658284000000000000e+06,3.350000000000000000e+02
6.659220000000000000e+06,3.450000000000000000e+02
6.660156000000000000e+06,3.480000000000000000e+02
6.661088000000000000e+06,3.510000000000000000e+02
6.662024000000000000e+06,3.520000000000000000e+02
6.662960000000000000e+06,3.550000000000000000e+02
6.663896000000000000e+06,3.480000000000000000e+02
6.664828000000000000e+06,3.450000000000000000e+02
6.665764000000000000e+06,3.460000000000000000e+02
6.666700000000000000e+06,3.550000000000000000e+02
6.667636000000000000e+06,3.430000000000000000e+02
6.668568000000000000e+06,3.310000000000000000e+02
6.669504000000000000e+06,3.160000000000000000e+02
6.670440000000000000e+06,3.430000000000000000e+02
6.671380000000000000e+06,3.440000000000000000e+02
6.672308000000000000e+06,3.420000000000000000e+02
6.673244000000000000e+06,3.360000000000000000e+02
6.674180000000000000e+06,3.430000000000000000e+02
6.675116000000000000e+06,3.510000000000000000e+02
6.676048000000000000e+06,3.590000000000000000e+02
6.676984000000000000e+06,3.430000000000000000e+02
6.677920000000000000e+06,3.350000000000000000e+02
6.678856000000000000e+06,3.430000000000000000e+02
6.679788000000000000e+06,3.240000000000000000e+02
6.680724000000000000e+06,3.470000000000000000e+02
6.681660000000000000e+06,3.470000000000000000e+02
6.682596000000000000e+06,3.520000000000000000e+02
6.683528000000000000e+06,3.470000000000000000e+02
6.684464000000000000e+06,3.310000000000000000e+02
6.685400000000000000e+06,3.320000000000000000e+02
6.686336000000000000e+06,3.460000000000000000e+02
6.688204000000000000e+06,3.540000000000000000e+02
6.689140000000000000e+06,3.440000000000000000e+02
6.690076000000000000e+06,3.270000000000000000e+02
6.691008000000000000e+06,3.320000000000000000e+02
6.691944000000000000e+06,3.440000000000000000e+02
6.692884000000000000e+06,3.480000000000000000e+02
6.693816000000000000e+06,3.500000000000000000e+02
6.694748000000000000e+06,3.480000000000000000e+02
6.695684000000000000e+06,3.440000000000000000e+02
6.696620000000000000e+06,3.500000000000000000e+02
6.697556000000000000e+06,3.520000000000000000e+02
6.698488000000000000e+06,3.490000000000000000e+02
6.699424000000000000e+06,3.360000000000000000e+02
6.700360000000000000e+06,3.270000000000000000e+02
6.701296000000000000e+06,3.430000000000000000e+02
6.702228000000000000e+06,3.590000000000000000e+02
6.703164000000000000e+06,3.670000000000000000e+02
6.704100000000000000e+06,3.640000000000000000e+02
6.705036000000000000e+06,3.420000000000000000e+02
6.705968000000000000e+06,3.450000000000000000e+02
6.706904000000000000e+06,3.400000000000000000e+02
6.707840000000000000e+06,3.260000000000000000e+02
6.708776000000000000e+06,3.310000000000000000e+02
6.709708000000000000e+06,3.290000000000000000e+02
6.710644000000000000e+06,3.440000000000000000e+02
6.711580000000000000e+06,3.270000000000000000e+02
6.712516000000000000e+06,3.190000000000000000e+02
6.713448000000000000e+06,3.210000000000000000e+02
6.714388000000000000e+06,3.470000000000000000e+02
6.715320000000000000e+06,3.550000000000000000e+02
6.716256000000000000e+06,3.540000000000000000e+02
6.717188000000000000e+06,3.540000000000000000e+02
6.718124000000000000e+06,3.440000000000000000e+02
6.719060000000000000e+06,3.520000000000000000e+02
6.719996000000000000e+06,3.390000000000000000e+02
6.720928000000000000e+06,3.340000000000000000e+02
6.721864000000000000e+06,3.340000000000000000e+02
6.722800000000000000e+06,3.440000000000000000e+02
6.723736000000000000e+06,3.630000000000000000e+02
6.724668000000000000e+06,3.610000000000000000e+02
6.725604000000000000e+06,3.510000000000000000e+02
6.726540000000000000e+06,3.440000000000000000e+02
6.727476000000000000e+06,3.350000000000000000e+02
6.728408000000000000e+06,3.430000000000000000e+02
6.729344000000000000e+06,3.350000000000000000e+02
6.730280000000000000e+06,3.380000000000000000e+02
6.731216000000000000e+06,3.240000000000000000e+02
6.732148000000000000e+06,3.240000000000000000e+02
6.733084000000000000e+06,3.320000000000000000e+02
6.734020000000000000e+06,3.270000000000000000e+02
6.734956000000000000e+06,3.350000000000000000e+02
6.735892000000000000e+06,3.450000000000000000e+02
6.736824000000000000e+06,3.350000000000000000e+02
6.737760000000000000e+06,3.380000000000000000e+02
6.738696000000000000e+06,3.580000000000000000e+02
6.739628000000000000e+06,3.560000000000000000e+02
6.740564000000000000e+06,3.610000000000000000e+02
6.741500000000000000e+06,3.530000000000000000e+02
6.742436000000000000e+06,3.440000000000000000e+02
6.743368000000000000e+06,3.240000000000000000e+02
6.744304000000000000e+06,3.220000000000000000e+02
6.745240000000000000e+06,3.210000000000000000e+02
6.746176000000000000e+06,3.290000000000000000e+02
6.747108000000000000e+06,3.400000000000000000e+02
6.748044000000000000e+06,3.350000000000000000e+02
6.748980000000000000e+06,3.190000000000000000e+02
6.749916000000000000e+06,3.310000000000000000e+02
6.750848000000000000e+06,3.270000000000000000e+02
6.751784000000000000e+06,3.270000000000000000e+02
6.752720000000000000e+06,3.290000000000000000e+02
6.753656000000000000e+06,3.350000000000000000e+02
6.754588000000000000e+06,3.320000000000000000e+02
6.755524000000000000e+06,3.440000000000000000e+02
6.756460000000000000e+06,3.460000000000000000e+02
6.757396000000000000e+06,3.500000000000000000e+02
6.758328000000000000e+06,3.450000000000000000e+02
6.759264000000000000e+06,3.390000000000000000e+02
6.760200000000000000e+06,3.330000000000000000e+02
6.761136000000000000e+06,3.370000000000000000e+02
6.762068000000000000e+06,3.360000000000000000e+02
6.763004000000000000e+06,3.320000000000000000e+02
6.763940000000000000e+06,3.350000000000000000e+02
6.764876000000000000e+06,3.350000000000000000e+02
6.765808000000000000e+06,3.330000000000000000e+02
6.766744000000000000e+06,3.370000000000000000e+02
6.767680000000000000e+06,3.440000000000000000e+02
6.768616000000000000e+06,3.350000000000000000e+02
6.769548000000000000e+06,3.450000000000000000e+02
6.770484000000000000e+06,3.440000000000000000e+02
6.771420000000000000e+06,3.420000000000000000e+02
6.772356000000000000e+06,3.520000000000000000e+02
6.773288000000000000e+06,3.470000000000000000e+02
6.774224000000000000e+06,3.520000000000000000e+02
6.775160000000000000e+06,3.480000000000000000e+02
6.776096000000000000e+06,3.390000000000000000e+02
6.777028000000000000e+06,3.340000000000000000e+02
6.777964000000000000e+06,3.420000000000000000e+02
6.778900000000000000e+06,3.430000000000000000e+02
6.779836000000000000e+06,3.350000000000000000e+02
6.780768000000000000e+06,3.370000000000000000e+02
6.781704000000000000e+06,3.380000000000000000e+02
6.782640000000000000e+06,3.350000000000000000e+02
6.783576000000000000e+06,3.450000000000000000e+02
6.784508000000000000e+06,3.530000000000000000e+02
6.785444000000000000e+06,3.510000000000000000e+02
6.786380000000000000e+06,3.400000000000000000e+02
6.787316000000000000e+06,3.380000000000000000e+02
6.788248000000000000e+06,3.320000000000000000e+02
6.789184000000000000e+06,3.400000000000000000e+02
6.790120000000000000e+06,3.450000000000000000e+02
6.791056000000000000e+06,3.410000000000000000e+02
6.791988000000000000e+06,3.430000000000000000e+02
6.792924000000000000e+06,3.530000000000000000e+02
6.793860000000000000e+06,3.520000000000000000e+02
6.794796000000000000e+06,3.470000000000000000e+02
6.795728000000000000e+06,3.470000000000000000e+02
6.796664000000000000e+06,3.440000000000000000e+02
6.797600000000000000e+06,3.390000000000000000e+02
6.798536000000000000e+06,3.420000000000000000e+02
6.799468000000000000e+06,3.390000000000000000e+02
6.800404000000000000e+06,3.390000000000000000e+02
6.801340000000000000e+06,3.480000000000000000e+02
6.802276000000000000e+06,3.510000000000000000e+02
6.803208000000000000e+06,3.560000000000000000e+02
6.804144000000000000e+06,3.590000000000000000e+02
6.805080000000000000e+06,3.600000000000000000e+02
6.806016000000000000e+06,3.530000000000000000e+02
6.806948000000000000e+06,3.480000000000000000e+02
6.807884000000000000e+06,3.450000000000000000e+02
6.808820000000000000e+06,3.350000000000000000e+02
6.809756000000000000e+06,3.450000000000000000e+02
6.810688000000000000e+06,3.530000000000000000e+02
6.811624000000000000e+06,3.660000000000000000e+02
6.812560000000000000e+06,3.590000000000000000e+02
6.813496000000000000e+06,3.440000000000000000e+02
6.814428000000000000e+06,3.340000000000000000e+02
6.815364000000000000e+06,3.480000000000000000e+02
6.816300000000000000e+06,3.500000000000000000e+02
6.817236000000000000e+06,3.520000000000000000e+02
6.818168000000000000e+06,3.270000000000000000e+02
6.819104000000000000e+06,3.340000000000000000e+02
6.820040000000000000e+06,3.550000000000000000e+02
6.820976000000000000e+06,3.550000000000000000e+02
6.821908000000000000e+06,3.350000000000000000e+02
6.822844000000000000e+06,3.220000000000000000e+02
6.823780000000000000e+06,3.540000000000000000e+02
6.824716000000000000e+06,3.610000000000000000e+02
6.825648000000000000e+06,3.660000000000000000e+02
6.826584000000000000e+06,3.550000000000000000e+02
6.827520000000000000e+06,3.500000000000000000e+02
6.828456000000000000e+06,3.350000000000000000e+02
6.829388000000000000e+06,3.290000000000000000e+02
6.830324000000000000e+06,3.270000000000000000e+02
6.831260000000000000e+06,3.110000000000000000e+02
6.832196000000000000e+06,3.160000000000000000e+02
6.833128000000000000e+06,3.270000000000000000e+02
6.834064000000000000e+06,3.390000000000000000e+02
6.835000000000000000e+06,3.530000000000000000e+02
6.835936000000000000e+06,3.350000000000000000e+02
6.836868000000000000e+06,3.390000000000000000e+02
6.837804000000000000e+06,3.450000000000000000e+02
6.838740000000000000e+06,3.450000000000000000e+02
6.839676000000000000e+06,3.590000000000000000e+02
6.840608000000000000e+06,3.440000000000000000e+02
6.841544000000000000e+06,3.310000000000000000e+02
6.842480000000000000e+06,3.480000000000000000e+02
6.843416000000000000e+06,3.520000000000000000e+02
6.844348000000000000e+06,3.670000000000000000e+02
6.845284000000000000e+06,3.760000000000000000e+02
6.846220000000000000e+06,3.530000000000000000e+02
6.847156000000000000e+06,3.580000000000000000e+02
6.848088000000000000e+06,3.650000000000000000e+02
6.849024000000000000e+06,3.710000000000000000e+02
6.849960000000000000e+06,3.560000000000000000e+02
6.850896000000000000e+06,3.270000000000000000e+02
6.851828000000000000e+06,2.870000000000000000e+02
6.852764000000000000e+06,2.760000000000000000e+02
6.853700000000000000e+06,3.150000000000000000e+02
6.854636000000000000e+06,3.320000000000000000e+02
6.855568000000000000e+06,3.330000000000000000e+02
6.856504000000000000e+06,3.210000000000000000e+02
6.857440000000000000e+06,3.100000000000000000e+02
6.858376000000000000e+06,3.150000000000000000e+02
6.859308000000000000e+06,3.120000000000000000e+02
6.860244000000000000e+06,3.350000000000000000e+02
6.861180000000000000e+06,3.480000000000000000e+02
6.862116000000000000e+06,3.420000000000000000e+02
6.863048000000000000e+06,3.380000000000000000e+02
6.863984000000000000e+06,3.350000000000000000e+02
6.864920000000000000e+06,3.250000000000000000e+02
6.865856000000000000e+06,3.230000000000000000e+02
6.866788000000000000e+06,3.320000000000000000e+02
6.867724000000000000e+06,3.380000000000000000e+02
6.868660000000000000e+06,3.330000000000000000e+02
6.869596000000000000e+06,3.390000000000000000e+02
6.870528000000000000e+06,3.440000000000000000e+02
6.871464000000000000e+06,3.540000000000000000e+02
6.872400000000000000e+06,3.480000000000000000e+02
6.873336000000000000e+06,3.430000000000000000e+02
6.874268000000000000e+06,3.330000000000000000e+02
6.875204000000000000e+06,3.270000000000000000e+02
6.876140000000000000e+06,3.340000000000000000e+02
6.877076000000000000e+06,3.540000000000000000e+02
6.878008000000000000e+06,3.570000000000000000e+02
6.878944000000000000e+06,3.500000000000000000e+02
6.879880000000000000e+06,3.390000000000000000e+02
6.880816000000000000e+06,3.290000000000000000e+02
6.881748000000000000e+06,3.340000000000000000e+02
6.882684000000000000e+06,3.440000000000000000e+02
6.883620000000000000e+06,3.350000000000000000e+02
6.884556000000000000e+06,3.350000000000000000e+02
6.885488000000000000e+06,3.440000000000000000e+02
6.886424000000000000e+06,3.430000000000000000e+02
6.887360000000000000e+06,3.290000000000000000e+02
6.888296000000000000e+06,3.330000000000000000e+02
6.889228000000000000e+06,3.390000000000000000e+02
6.890164000000000000e+06,3.500000000000000000e+02
6.891100000000000000e+06,3.570000000000000000e+02
6.892036000000000000e+06,3.430000000000000000e+02
6.892968000000000000e+06,3.350000000000000000e+02
6.893904000000000000e+06,3.390000000000000000e+02
6.894840000000000000e+06,3.310000000000000000e+02
6.895776000000000000e+06,3.390000000000000000e+02
6.896708000000000000e+06,3.420000000000000000e+02
6.897644000000000000e+06,3.520000000000000000e+02
6.898580000000000000e+06,3.400000000000000000e+02
6.899516000000000000e+06,3.340000000000000000e+02
6.900448000000000000e+06,3.340000000000000000e+02
6.901384000000000000e+06,3.370000000000000000e+02
6.902320000000000000e+06,3.510000000000000000e+02
6.903256000000000000e+06,3.500000000000000000e+02
6.904188000000000000e+06,3.450000000000000000e+02
6.905124000000000000e+06,3.370000000000000000e+02
6.906060000000000000e+06,3.450000000000000000e+02
6.906996000000000000e+06,3.520000000000000000e+02
6.907928000000000000e+06,3.360000000000000000e+02
6.908864000000000000e+06,3.260000000000000000e+02
6.909800000000000000e+06,3.290000000000000000e+02
6.910736000000000000e+06,3.290000000000000000e+02
6.911668000000000000e+06,3.320000000000000000e+02
6.912604000000000000e+06,3.390000000000000000e+02
6.913540000000000000e+06,3.530000000000000000e+02
6.914476000000000000e+06,3.590000000000000000e+02
6.915408000000000000e+06,3.500000000000000000e+02
6.916344000000000000e+06,3.440000000000000000e+02
6.917280000000000000e+06,3.480000000000000000e+02
6.918216000000000000e+06,3.310000000000000000e+02
6.919148000000000000e+06,3.480000000000000000e+02
6.920084000000000000e+06,3.530000000000000000e+02
6.921020000000000000e+06,3.430000000000000000e+02
6.921956000000000000e+06,3.370000000000000000e+02
6.922888000000000000e+06,3.420000000000000000e+02
6.923824000000000000e+06,3.510000000000000000e+02
6.924760000000000000e+06,3.450000000000000000e+02
6.925696000000000000e+06,3.480000000000000000e+02
6.926628000000000000e+06,3.590000000000000000e+02
6.927564000000000000e+06,3.510000000000000000e+02
6.928500000000000000e+06,3.470000000000000000e+02
6.929436000000000000e+06,3.680000000000000000e+02
6.930368000000000000e+06,3.320000000000000000e+02
6.931304000000000000e+06,3.210000000000000000e+02
6.932240000000000000e+06,3.310000000000000000e+02
6.933176000000000000e+06,3.390000000000000000e+02
6.934108000000000000e+06,3.390000000000000000e+02
6.935044000000000000e+06,3.470000000000000000e+02
6.935980000000000000e+06,3.520000000000000000e+02
6.936916000000000000e+06,3.430000000000000000e+02
6.937848000000000000e+06,3.260000000000000000e+02
6.938784000000000000e+06,3.260000000000000000e+02
6.939720000000000000e+06,3.520000000000000000e+02
6.940656000000000000e+06,3.410000000000000000e+02
6.941588000000000000e+06,3.480000000000000000e+02
6.942524000000000000e+06,3.550000000000000000e+02
6.943460000000000000e+06,3.520000000000000000e+02
6.944396000000000000e+06,3.270000000000000000e+02
6.945328000000000000e+06,3.310000000000000000e+02
6.946264000000000000e+06,3.310000000000000000e+02
6.947200000000000000e+06,3.350000000000000000e+02
6.948136000000000000e+06,3.530000000000000000e+02
6.949068000000000000e+06,3.500000000000000000e+02
6.950004000000000000e+06,3.440000000000000000e+02
6.950940000000000000e+06,3.440000000000000000e+02
6.951876000000000000e+06,3.440000000000000000e+02
6.952808000000000000e+06,3.440000000000000000e+02
6.953744000000000000e+06,3.340000000000000000e+02
6.954680000000000000e+06,3.270000000000000000e+02
6.955616000000000000e+06,3.220000000000000000e+02
6.956548000000000000e+06,3.240000000000000000e+02
6.957484000000000000e+06,3.340000000000000000e+02
6.958420000000000000e+06,3.420000000000000000e+02
6.959356000000000000e+06,3.440000000000000000e+02
6.960288000000000000e+06,3.440000000000000000e+02
6.961224000000000000e+06,3.440000000000000000e+02
6.962160000000000000e+06,3.440000000000000000e+02
6.963096000000000000e+06,3.400000000000000000e+02
6.964028000000000000e+06,3.400000000000000000e+02
6.964964000000000000e+06,3.480000000000000000e+02
6.965900000000000000e+06,3.350000000000000000e+02
6.966836000000000000e+06,3.270000000000000000e+02
6.967768000000000000e+06,3.270000000000000000e+02
6.968704000000000000e+06,3.270000000000000000e+02
6.969640000000000000e+06,3.390000000000000000e+02
6.970576000000000000e+06,3.350000000000000000e+02
6.971508000000000000e+06,3.440000000000000000e+02
6.972444000000000000e+06,3.480000000000000000e+02
6.973380000000000000e+06,3.440000000000000000e+02
6.974316000000000000e+06,3.360000000000000000e+02
6.975248000000000000e+06,3.340000000000000000e+02
6.976184000000000000e+06,3.330000000000000000e+02
6.977120000000000000e+06,3.340000000000000000e+02
6.978056000000000000e+06,3.380000000000000000e+02
6.978988000000000000e+06,3.340000000000000000e+02
6.979924000000000000e+06,3.330000000000000000e+02
6.980860000000000000e+06,3.380000000000000000e+02
6.981796000000000000e+06,3.360000000000000000e+02
6.982728000000000000e+06,3.350000000000000000e+02
6.983664000000000000e+06,3.350000000000000000e+02
6.984600000000000000e+06,3.370000000000000000e+02
6.985536000000000000e+06,3.400000000000000000e+02
6.986468000000000000e+06,3.410000000000000000e+02
6.987404000000000000e+06,3.480000000000000000e+02
6.988340000000000000e+06,3.530000000000000000e+02
6.989276000000000000e+06,3.430000000000000000e+02
6.990208000000000000e+06,3.360000000000000000e+02
6.991144000000000000e+06,3.350000000000000000e+02
6.992080000000000000e+06,3.370000000000000000e+02
6.993016000000000000e+06,3.440000000000000000e+02
6.993948000000000000e+06,3.450000000000000000e+02
6.994884000000000000e+06,3.440000000000000000e+02
6.995820000000000000e+06,3.390000000000000000e+02
6.996756000000000000e+06,3.320000000000000000e+02
6.997688000000000000e+06,3.260000000000000000e+02
6.998624000000000000e+06,3.460000000000000000e+02
6.999560000000000000e+06,3.390000000000000000e+02
7.000496000000000000e+06,3.350000000000000000e+02
7.001428000000000000e+06,3.390000000000000000e+02
7.002364000000000000e+06,3.380000000000000000e+02
7.003300000000000000e+06,3.400000000000000000e+02
7.004236000000000000e+06,3.370000000000000000e+02
7.005168000000000000e+06,3.400000000000000000e+02
7.006104000000000000e+06,3.390000000000000000e+02
7.007040000000000000e+06,3.420000000000000000e+02
7.007976000000000000e+06,3.450000000000000000e+02
7.008908000000000000e+06,3.460000000000000000e+02
7.009844000000000000e+06,3.390000000000000000e+02
7.010780000000000000e+06,3.370000000000000000e+02
7.011716000000000000e+06,3.370000000000000000e+02
7.012648000000000000e+06,3.440000000000000000e+02
7.013584000000000000e+06,3.410000000000000000e+02
7.014520000000000000e+06,3.320000000000000000e+02
7.015456000000000000e+06,3.380000000000000000e+02
7.016388000000000000e+06,3.440000000000000000e+02
7.017324000000000000e+06,3.440000000000000000e+02
7.018260000000000000e+06,3.450000000000000000e+02
7.019196000000000000e+06,3.470000000000000000e+02
7.020128000000000000e+06,3.440000000000000000e+02
7.021064000000000000e+06,3.480000000000000000e+02
7.022000000000000000e+06,3.420000000000000000e+02
7.022936000000000000e+06,3.420000000000000000e+02
7.023868000000000000e+06,3.350000000000000000e+02
7.024804000000000000e+06,3.340000000000000000e+02
7.025740000000000000e+06,3.390000000000000000e+02
7.026676000000000000e+06,3.440000000000000000e+02
7.027608000000000000e+06,3.480000000000000000e+02
7.028544000000000000e+06,3.290000000000000000e+02
7.029480000000000000e+06,3.340000000000000000e+02
7.030416000000000000e+06,3.420000000000000000e+02
7.031348000000000000e+06,3.380000000000000000e+02
7.032284000000000000e+06,3.470000000000000000e+02
7.033220000000000000e+06,3.450000000000000000e+02
7.034156000000000000e+06,3.390000000000000000e+02
7.035088000000000000e+06,3.330000000000000000e+02
7.036024000000000000e+06,3.320000000000000000e+02
7.036960000000000000e+06,3.370000000000000000e+02
7.037896000000000000e+06,3.340000000000000000e+02
7.038828000000000000e+06,3.560000000000000000e+02
7.039764000000000000e+06,3.510000000000000000e+02
7.040700000000000000e+06,3.440000000000000000e+02
7.041636000000000000e+06,3.470000000000000000e+02
7.042568000000000000e+06,3.440000000000000000e+02
7.043504000000000000e+06,3.430000000000000000e+02
7.044440000000000000e+06,3.350000000000000000e+02
7.045376000000000000e+06,3.340000000000000000e+02
7.046308000000000000e+06,3.440000000000000000e+02
7.047244000000000000e+06,3.470000000000000000e+02
7.048180000000000000e+06,3.440000000000000000e+02
7.049116000000000000e+06,3.470000000000000000e+02
7.050048000000000000e+06,3.420000000000000000e+02
7.050984000000000000e+06,3.430000000000000000e+02
7.051920000000000000e+06,3.430000000000000000e+02
7.052856000000000000e+06,3.440000000000000000e+02
7.053788000000000000e+06,3.420000000000000000e+02
7.054724000000000000e+06,3.350000000000000000e+02
7.055660000000000000e+06,3.390000000000000000e+02
7.056596000000000000e+06,3.450000000000000000e+02
7.057528000000000000e+06,3.480000000000000000e+02
7.058464000000000000e+06,3.560000000000000000e+02
7.059400000000000000e+06,3.400000000000000000e+02
7.060336000000000000e+06,3.500000000000000000e+02
7.061268000000000000e+06,3.470000000000000000e+02
7.062204000000000000e+06,3.370000000000000000e+02
7.063140000000000000e+06,3.440000000000000000e+02
7.064076000000000000e+06,3.400000000000000000e+02
7.065008000000000000e+06,3.400000000000000000e+02
7.065944000000000000e+06,3.390000000000000000e+02
7.066880000000000000e+06,3.440000000000000000e+02
7.067816000000000000e+06,3.320000000000000000e+02
7.068748000000000000e+06,3.230000000000000000e+02
7.069684000000000000e+06,3.310000000000000000e+02
7.070620000000000000e+06,3.440000000000000000e+02
7.071556000000000000e+06,3.390000000000000000e+02
7.072488000000000000e+06,3.370000000000000000e+02
7.073424000000000000e+06,3.330000000000000000e+02
7.074360000000000000e+06,3.400000000000000000e+02
7.075296000000000000e+06,3.380000000000000000e+02
7.076228000000000000e+06,3.450000000000000000e+02
7.077164000000000000e+06,3.500000000000000000e+02
7.078100000000000000e+06,3.420000000000000000e+02
7.079036000000000000e+06,3.480000000000000000e+02
7.079968000000000000e+06,3.420000000000000000e+02
7.080904000000000000e+06,3.420000000000000000e+02
7.081840000000000000e+06,3.430000000000000000e+02
7.082776000000000000e+06,3.390000000000000000e+02
7.083708000000000000e+06,3.440000000000000000e+02
7.084644000000000000e+06,3.440000000000000000e+02
7.085580000000000000e+06,3.430000000000000000e+02
7.086516000000000000e+06,3.390000000000000000e+02
7.087448000000000000e+06,3.470000000000000000e+02
7.088384000000000000e+06,3.440000000000000000e+02
7.089320000000000000e+06,3.350000000000000000e+02
7.090256000000000000e+06,3.350000000000000000e+02
7.091188000000000000e+06,3.350000000000000000e+02
7.092124000000000000e+06,3.430000000000000000e+02
7.093060000000000000e+06,3.380000000000000000e+02
7.093996000000000000e+06,3.390000000000000000e+02
7.094928000000000000e+06,3.500000000000000000e+02
7.095864000000000000e+06,3.350000000000000000e+02
7.096800000000000000e+06,3.350000000000000000e+02
7.097736000000000000e+06,3.270000000000000000e+02
7.098668000000000000e+06,3.350000000000000000e+02
7.099604000000000000e+06,3.310000000000000000e+02
7.100540000000000000e+06,3.350000000000000000e+02
7.101476000000000000e+06,3.360000000000000000e+02
7.102408000000000000e+06,3.350000000000000000e+02
7.103344000000000000e+06,3.430000000000000000e+02
7.104280000000000000e+06,3.350000000000000000e+02
7.105216000000000000e+06,3.360000000000000000e+02
7.106148000000000000e+06,3.340000000000000000e+02
7.107084000000000000e+06,3.440000000000000000e+02
7.108020000000000000e+06,3.550000000000000000e+02
7.108956000000000000e+06,3.440000000000000000e+02
7.109888000000000000e+06,3.440000000000000000e+02
7.110824000000000000e+06,3.440000000000000000e+02
7.111760000000000000e+06,3.420000000000000000e+02
7.112696000000000000e+06,3.350000000000000000e+02
7.113628000000000000e+06,3.380000000000000000e+02
7.114564000000000000e+06,3.370000000000000000e+02
7.115500000000000000e+06,3.350000000000000000e+02
7.116436000000000000e+06,3.390000000000000000e+02
7.117368000000000000e+06,3.500000000000000000e+02
7.118304000000000000e+06,3.420000000000000000e+02
7.119240000000000000e+06,3.370000000000000000e+02
7.120176000000000000e+06,3.420000000000000000e+02
7.121108000000000000e+06,3.440000000000000000e+02
7.122044000000000000e+06,3.450000000000000000e+02
7.122980000000000000e+06,3.540000000000000000e+02
7.123916000000000000e+06,3.460000000000000000e+02
7.124848000000000000e+06,3.390000000000000000e+02
7.125784000000000000e+06,3.400000000000000000e+02
7.126720000000000000e+06,3.470000000000000000e+02
7.127656000000000000e+06,3.440000000000000000e+02
7.128588000000000000e+06,3.470000000000000000e+02
7.129524000000000000e+06,3.450000000000000000e+02
7.130460000000000000e+06,3.480000000000000000e+02
7.131396000000000000e+06,3.480000000000000000e+02
7.132328000000000000e+06,3.340000000000000000e+02
7.133264000000000000e+06,3.240000000000000000e+02
7.134200000000000000e+06,3.370000000000000000e+02
7.135136000000000000e+06,3.470000000000000000e+02
7.136068000000000000e+06,3.450000000000000000e+02
7.137004000000000000e+06,3.420000000000000000e+02
7.137940000000000000e+06,3.430000000000000000e+02
7.138876000000000000e+06,3.520000000000000000e+02
7.139808000000000000e+06,3.520000000000000000e+02
7.140744000000000000e+06,3.500000000000000000e+02
7.141680000000000000e+06,3.440000000000000000e+02
7.142616000000000000e+06,3.430000000000000000e+02
7.143548000000000000e+06,3.390000000000000000e+02
7.144484000000000000e+06,3.360000000000000000e+02
7.145420000000000000e+06,3.450000000000000000e+02
7.146356000000000000e+06,3.440000000000000000e+02
7.147288000000000000e+06,3.510000000000000000e+02
7.148224000000000000e+06,3.460000000000000000e+02
7.149160000000000000e+06,3.370000000000000000e+02
7.150096000000000000e+06,3.440000000000000000e+02
7.151028000000000000e+06,3.510000000000000000e+02
7.151964000000000000e+06,3.520000000000000000e+02
7.152900000000000000e+06,3.440000000000000000e+02
7.153836000000000000e+06,3.320000000000000000e+02
7.154768000000000000e+06,3.370000000000000000e+02
7.155704000000000000e+06,3.490000000000000000e+02
7.156640000000000000e+06,3.510000000000000000e+02
7.157576000000000000e+06,3.470000000000000000e+02
7.158508000000000000e+06,3.410000000000000000e+02
7.159444000000000000e+06,3.450000000000000000e+02
7.160380000000000000e+06,3.300000000000000000e+02
7.161316000000000000e+06,3.270000000000000000e+02
7.162248000000000000e+06,3.350000000000000000e+02
7.163184000000000000e+06,3.350000000000000000e+02
7.164120000000000000e+06,3.340000000000000000e+02
7.165056000000000000e+06,3.390000000000000000e+02
7.165988000000000000e+06,3.410000000000000000e+02
7.166924000000000000e+06,3.530000000000000000e+02
7.167860000000000000e+06,3.370000000000000000e+02
7.168796000000000000e+06,3.470000000000000000e+02
7.169728000000000000e+06,3.440000000000000000e+02
7.170664000000000000e+06,3.320000000000000000e+02
7.171600000000000000e+06,3.270000000000000000e+02
7.172536000000000000e+06,3.330000000000000000e+02
7.173468000000000000e+06,3.390000000000000000e+02
7.174404000000000000e+06,3.360000000000000000e+02
7.175340000000000000e+06,3.340000000000000000e+02
7.176276000000000000e+06,3.270000000000000000e+02
7.177208000000000000e+06,3.430000000000000000e+02
7.178144000000000000e+06,3.420000000000000000e+02
7.179080000000000000e+06,3.440000000000000000e+02
7.180016000000000000e+06,3.470000000000000000e+02
7.180948000000000000e+06,3.450000000000000000e+02
7.181884000000000000e+06,3.390000000000000000e+02
7.182820000000000000e+06,3.390000000000000000e+02
7.183756000000000000e+06,3.420000000000000000e+02
7.184688000000000000e+06,3.400000000000000000e+02
7.185624000000000000e+06,3.350000000000000000e+02
7.186560000000000000e+06,3.480000000000000000e+02
7.187496000000000000e+06,3.390000000000000000e+02
7.188428000000000000e+06,3.520000000000000000e+02
7.189364000000000000e+06,3.550000000000000000e+02
7.190300000000000000e+06,3.400000000000000000e+02
7.191236000000000000e+06,3.350000000000000000e+02
7.192168000000000000e+06,3.290000000000000000e+02
7.193104000000000000e+06,3.320000000000000000e+02
7.194040000000000000e+06,3.350000000000000000e+02
7.194976000000000000e+06,3.320000000000000000e+02
7.195908000000000000e+06,3.480000000000000000e+02
7.196844000000000000e+06,3.490000000000000000e+02
7.197780000000000000e+06,3.340000000000000000e+02
7.198716000000000000e+06,3.310000000000000000e+02
7.199648000000000000e+06,3.370000000000000000e+02
7.200584000000000000e+06,3.370000000000000000e+02
7.201520000000000000e+06,3.350000000000000000e+02
7.202456000000000000e+06,3.350000000000000000e+02
7.203388000000000000e+06,3.390000000000000000e+02
7.204324000000000000e+06,3.480000000000000000e+02
7.205260000000000000e+06,3.630000000000000000e+02
7.206196000000000000e+06,3.590000000000000000e+02
7.207128000000000000e+06,3.520000000000000000e+02
7.208064000000000000e+06,3.350000000000000000e+02
7.209000000000000000e+06,3.480000000000000000e+02
7.209936000000000000e+06,3.270000000000000000e+02
7.210868000000000000e+06,3.240000000000000000e+02
7.211804000000000000e+06,3.340000000000000000e+02
7.212740000000000000e+06,3.370000000000000000e+02
7.213676000000000000e+06,3.480000000000000000e+02
7.214608000000000000e+06,3.440000000000000000e+02
7.215544000000000000e+06,3.400000000000000000e+02
7.216480000000000000e+06,3.340000000000000000e+02
7.217416000000000000e+06,3.480000000000000000e+02
7.218348000000000000e+06,3.390000000000000000e+02
7.219284000000000000e+06,3.270000000000000000e+02
7.220220000000000000e+06,3.420000000000000000e+02
7.221156000000000000e+06,3.330000000000000000e+02
7.222088000000000000e+06,3.350000000000000000e+02
7.223024000000000000e+06,3.380000000000000000e+02
7.223960000000000000e+06,3.540000000000000000e+02
7.224896000000000000e+06,3.500000000000000000e+02
7.225828000000000000e+06,3.460000000000000000e+02
7.226764000000000000e+06,3.420000000000000000e+02
7.227700000000000000e+06,3.420000000000000000e+02
7.228636000000000000e+06,3.340000000000000000e+02
7.229568000000000000e+06,3.390000000000000000e+02
7.230504000000000000e+06,3.390000000000000000e+02
7.231440000000000000e+06,3.340000000000000000e+02
7.232376000000000000e+06,3.430000000000000000e+02
7.233308000000000000e+06,3.350000000000000000e+02
7.234244000000000000e+06,3.370000000000000000e+02
7.235180000000000000e+06,3.400000000000000000e+02
7.236116000000000000e+06,3.350000000000000000e+02
7.237048000000000000e+06,3.370000000000000000e+02
7.237984000000000000e+06,3.360000000000000000e+02
7.238920000000000000e+06,3.560000000000000000e+02
7.239856000000000000e+06,3.440000000000000000e+02
7.240788000000000000e+06,3.440000000000000000e+02
7.241724000000000000e+06,3.400000000000000000e+02
7.242660000000000000e+06,3.370000000000000000e+02
7.243596000000000000e+06,3.400000000000000000e+02
7.244528000000000000e+06,3.420000000000000000e+02
7.245464000000000000e+06,3.400000000000000000e+02
7.246400000000000000e+06,3.380000000000000000e+02
7.247336000000000000e+06,3.550000000000000000e+02
7.248268000000000000e+06,3.500000000000000000e+02
7.249204000000000000e+06,3.440000000000000000e+02
7.250140000000000000e+06,3.390000000000000000e+02
7.251076000000000000e+06,3.440000000000000000e+02
7.252008000000000000e+06,3.440000000000000000e+02
7.252944000000000000e+06,3.360000000000000000e+02
7.253880000000000000e+06,3.320000000000000000e+02
7.254816000000000000e+06,3.350000000000000000e+02
7.255748000000000000e+06,3.440000000000000000e+02
7.256684000000000000e+06,3.480000000000000000e+02
7.257620000000000000e+06,3.470000000000000000e+02
7.258556000000000000e+06,3.440000000000000000e+02
7.259488000000000000e+06,3.580000000000000000e+02
7.260424000000000000e+06,3.440000000000000000e+02
7.261360000000000000e+06,3.390000000000000000e+02
7.262296000000000000e+06,3.470000000000000000e+02
7.263228000000000000e+06,3.480000000000000000e+02
7.264164000000000000e+06,3.350000000000000000e+02
7.265100000000000000e+06,3.430000000000000000e+02
7.266036000000000000e+06,3.430000000000000000e+02
7.266968000000000000e+06,3.410000000000000000e+02
7.267904000000000000e+06,3.410000000000000000e+02
7.268840000000000000e+06,3.350000000000000000e+02
7.269776000000000000e+06,3.540000000000000000e+02
7.270708000000000000e+06,3.500000000000000000e+02
7.271644000000000000e+06,3.450000000000000000e+02
7.272580000000000000e+06,3.440000000000000000e+02
7.273516000000000000e+06,3.510000000000000000e+02
7.274448000000000000e+06,3.480000000000000000e+02
7.275384000000000000e+06,3.480000000000000000e+02
7.276320000000000000e+06,3.450000000000000000e+02
7.278188000000000000e+06,3.420000000000000000e+02
7.279124000000000000e+06,3.590000000000000000e+02
7.280060000000000000e+06,3.500000000000000000e+02
7.280996000000000000e+06,3.440000000000000000e+02
7.281928000000000000e+06,3.450000000000000000e+02
7.282864000000000000e+06,3.530000000000000000e+02
7.283800000000000000e+06,3.520000000000000000e+02
7.284736000000000000e+06,3.440000000000000000e+02
7.285668000000000000e+06,3.320000000000000000e+02
7.286604000000000000e+06,3.290000000000000000e+02
7.287540000000000000e+06,3.270000000000000000e+02
7.288476000000000000e+06,3.260000000000000000e+02
7.289408000000000000e+06,3.350000000000000000e+02
7.290344000000000000e+06,3.350000000000000000e+02
7.291280000000000000e+06,3.270000000000000000e+02
7.292216000000000000e+06,3.320000000000000000e+02
7.293148000000000000e+06,3.440000000000000000e+02
7.294084000000000000e+06,3.490000000000000000e+02
7.295020000000000000e+06,3.590000000000000000e+02
7.295956000000000000e+06,3.500000000000000000e+02
7.296888000000000000e+06,3.440000000000000000e+02
7.297824000000000000e+06,3.450000000000000000e+02
7.298760000000000000e+06,3.500000000000000000e+02
7.299696000000000000e+06,3.440000000000000000e+02
7.300628000000000000e+06,3.390000000000000000e+02
7.301564000000000000e+06,3.440000000000000000e+02
7.302500000000000000e+06,3.390000000000000000e+02
7.303436000000000000e+06,3.340000000000000000e+02
7.304368000000000000e+06,3.390000000000000000e+02
7.305304000000000000e+06,3.390000000000000000e+02
7.306244000000000000e+06,3.470000000000000000e+02
7.307176000000000000e+06,3.400000000000000000e+02
7.308108000000000000e+06,3.440000000000000000e+02
7.309044000000000000e+06,3.350000000000000000e+02
7.309980000000000000e+06,3.610000000000000000e+02
7.310916000000000000e+06,3.540000000000000000e+02
7.311848000000000000e+06,3.260000000000000000e+02
7.312784000000000000e+06,3.120000000000000000e+02
7.313720000000000000e+06,3.190000000000000000e+02
7.314656000000000000e+06,3.370000000000000000e+02
7.315588000000000000e+06,3.390000000000000000e+02
7.316524000000000000e+06,3.390000000000000000e+02
7.317460000000000000e+06,3.330000000000000000e+02
7.318396000000000000e+06,3.420000000000000000e+02
7.319328000000000000e+06,3.370000000000000000e+02
7.320264000000000000e+06,3.400000000000000000e+02
7.321200000000000000e+06,3.330000000000000000e+02
7.322136000000000000e+06,3.420000000000000000e+02
7.323068000000000000e+06,3.470000000000000000e+02
7.324004000000000000e+06,3.470000000000000000e+02
7.324940000000000000e+06,3.380000000000000000e+02
7.325876000000000000e+06,3.350000000000000000e+02
7.326808000000000000e+06,3.340000000000000000e+02
7.327752000000000000e+06,3.380000000000000000e+02
7.328680000000000000e+06,3.270000000000000000e+02
7.329616000000000000e+06,3.380000000000000000e+02
7.330548000000000000e+06,3.420000000000000000e+02
7.331484000000000000e+06,3.370000000000000000e+02
7.332420000000000000e+06,3.320000000000000000e+02
7.333356000000000000e+06,3.270000000000000000e+02
7.334288000000000000e+06,3.290000000000000000e+02
7.335224000000000000e+06,3.350000000000000000e+02
7.336160000000000000e+06,3.390000000000000000e+02
7.337096000000000000e+06,3.410000000000000000e+02
7.338028000000000000e+06,3.350000000000000000e+02
7.338964000000000000e+06,3.370000000000000000e+02
7.339900000000000000e+06,3.350000000000000000e+02
7.340836000000000000e+06,3.430000000000000000e+02
7.341768000000000000e+06,3.500000000000000000e+02
7.343640000000000000e+06,3.390000000000000000e+02
7.344576000000000000e+06,3.520000000000000000e+02
7.345508000000000000e+06,3.420000000000000000e+02
7.346444000000000000e+06,3.370000000000000000e+02
7.347380000000000000e+06,3.470000000000000000e+02
7.348316000000000000e+06,3.320000000000000000e+02
7.349256000000000000e+06,3.320000000000000000e+02
7.350184000000000000e+06,3.360000000000000000e+02
7.351120000000000000e+06,3.350000000000000000e+02
7.352056000000000000e+06,3.450000000000000000e+02
7.352988000000000000e+06,3.450000000000000000e+02
7.353924000000000000e+06,3.350000000000000000e+02
7.354860000000000000e+06,3.320000000000000000e+02
7.355796000000000000e+06,3.380000000000000000e+02
7.356728000000000000e+06,3.360000000000000000e+02
7.357664000000000000e+06,3.520000000000000000e+02
7.358600000000000000e+06,3.440000000000000000e+02
7.359536000000000000e+06,3.480000000000000000e+02
7.360468000000000000e+06,3.530000000000000000e+02
7.361404000000000000e+06,3.430000000000000000e+02
7.362340000000000000e+06,3.400000000000000000e+02
7.363276000000000000e+06,3.430000000000000000e+02
7.364208000000000000e+06,3.440000000000000000e+02
7.365144000000000000e+06,3.510000000000000000e+02
7.366080000000000000e+06,3.520000000000000000e+02
7.367016000000000000e+06,3.530000000000000000e+02
7.367948000000000000e+06,3.500000000000000000e+02
7.368884000000000000e+06,3.500000000000000000e+02
7.369820000000000000e+06,3.450000000000000000e+02
7.370760000000000000e+06,3.540000000000000000e+02
7.371688000000000000e+06,3.520000000000000000e+02
7.372624000000000000e+06,3.440000000000000000e+02
7.373560000000000000e+06,3.380000000000000000e+02
7.374496000000000000e+06,3.270000000000000000e+02
7.375428000000000000e+06,3.310000000000000000e+02
7.376364000000000000e+06,3.480000000000000000e+02
7.377300000000000000e+06,3.680000000000000000e+02
7.378236000000000000e+06,3.440000000000000000e+02
7.379168000000000000e+06,3.520000000000000000e+02
7.380104000000000000e+06,3.520000000000000000e+02
7.381040000000000000e+06,3.520000000000000000e+02
7.381976000000000000e+06,3.480000000000000000e+02
7.382908000000000000e+06,3.520000000000000000e+02
7.383844000000000000e+06,3.440000000000000000e+02
7.384780000000000000e+06,3.350000000000000000e+02
7.385716000000000000e+06,3.390000000000000000e+02
7.386648000000000000e+06,3.500000000000000000e+02
7.387584000000000000e+06,3.470000000000000000e+02
7.388520000000000000e+06,3.350000000000000000e+02
7.389456000000000000e+06,3.420000000000000000e+02
7.390388000000000000e+06,3.440000000000000000e+02
7.391324000000000000e+06,3.510000000000000000e+02
7.392264000000000000e+06,3.500000000000000000e+02
7.393196000000000000e+06,3.320000000000000000e+02
7.394128000000000000e+06,3.240000000000000000e+02
7.395064000000000000e+06,3.410000000000000000e+02
7.396000000000000000e+06,3.530000000000000000e+02
7.396936000000000000e+06,3.610000000000000000e+02
7.397868000000000000e+06,3.350000000000000000e+02
7.398804000000000000e+06,3.260000000000000000e+02
7.399740000000000000e+06,3.440000000000000000e+02
7.400676000000000000e+06,3.530000000000000000e+02
7.401608000000000000e+06,3.740000000000000000e+02
7.402544000000000000e+06,3.680000000000000000e+02
7.403480000000000000e+06,3.340000000000000000e+02
7.404416000000000000e+06,3.340000000000000000e+02
7.405348000000000000e+06,3.250000000000000000e+02
7.406284000000000000e+06,3.400000000000000000e+02
7.407220000000000000e+06,3.510000000000000000e+02
7.409088000000000000e+06,3.490000000000000000e+02
7.410024000000000000e+06,3.430000000000000000e+02
7.410960000000000000e+06,3.370000000000000000e+02
7.411896000000000000e+06,3.100000000000000000e+02
7.412828000000000000e+06,3.170000000000000000e+02
7.413772000000000000e+06,3.270000000000000000e+02
7.414700000000000000e+06,3.190000000000000000e+02
7.415636000000000000e+06,3.340000000000000000e+02
7.416568000000000000e+06,3.500000000000000000e+02
7.417504000000000000e+06,3.440000000000000000e+02
7.418440000000000000e+06,3.550000000000000000e+02
7.419376000000000000e+06,3.640000000000000000e+02
7.420308000000000000e+06,3.580000000000000000e+02
7.421244000000000000e+06,3.550000000000000000e+02
7.422180000000000000e+06,3.440000000000000000e+02
7.423116000000000000e+06,3.390000000000000000e+02
7.424048000000000000e+06,3.480000000000000000e+02
7.424984000000000000e+06,3.430000000000000000e+02
7.425920000000000000e+06,3.190000000000000000e+02
7.426856000000000000e+06,3.240000000000000000e+02
7.427788000000000000e+06,3.210000000000000000e+02
7.428724000000000000e+06,3.260000000000000000e+02
7.429660000000000000e+06,3.420000000000000000e+02
7.430596000000000000e+06,3.530000000000000000e+02
7.431528000000000000e+06,3.670000000000000000e+02
7.432464000000000000e+06,3.730000000000000000e+02
7.433400000000000000e+06,3.750000000000000000e+02
7.434336000000000000e+06,3.390000000000000000e+02
7.435276000000000000e+06,2.910000000000000000e+02
7.436204000000000000e+06,2.990000000000000000e+02
7.437140000000000000e+06,3.210000000000000000e+02
7.438076000000000000e+06,3.380000000000000000e+02
7.439008000000000000e+06,3.350000000000000000e+02
7.439944000000000000e+06,3.310000000000000000e+02
7.440880000000000000e+06,3.440000000000000000e+02
7.441816000000000000e+06,3.470000000000000000e+02
7.442748000000000000e+06,3.590000000000000000e+02
7.443684000000000000e+06,3.480000000000000000e+02
7.444620000000000000e+06,3.320000000000000000e+02
7.445556000000000000e+06,3.230000000000000000e+02
7.446488000000000000e+06,3.390000000000000000e+02
7.447424000000000000e+06,3.670000000000000000e+02
7.448360000000000000e+06,3.590000000000000000e+02
7.449296000000000000e+06,3.350000000000000000e+02
7.450228000000000000e+06,3.400000000000000000e+02
7.451164000000000000e+06,3.560000000000000000e+02
7.452100000000000000e+06,3.820000000000000000e+02
7.453036000000000000e+06,3.680000000000000000e+02
7.453968000000000000e+06,3.350000000000000000e+02
7.454904000000000000e+06,3.550000000000000000e+02
7.455840000000000000e+06,3.580000000000000000e+02
7.456780000000000000e+06,3.480000000000000000e+02
7.457708000000000000e+06,3.530000000000000000e+02
7.458644000000000000e+06,3.470000000000000000e+02
7.459580000000000000e+06,3.050000000000000000e+02
7.460516000000000000e+06,2.990000000000000000e+02
7.461448000000000000e+06,3.440000000000000000e+02
7.462384000000000000e+06,3.650000000000000000e+02
7.463320000000000000e+06,3.640000000000000000e+02
7.464256000000000000e+06,3.480000000000000000e+02
7.465188000000000000e+06,3.350000000000000000e+02
7.466124000000000000e+06,3.320000000000000000e+02
7.467060000000000000e+06,3.270000000000000000e+02
7.467996000000000000e+06,3.120000000000000000e+02
7.468928000000000000e+06,3.440000000000000000e+02
7.469864000000000000e+06,3.540000000000000000e+02
7.470800000000000000e+06,3.530000000000000000e+02
7.471736000000000000e+06,3.440000000000000000e+02
7.472668000000000000e+06,3.340000000000000000e+02
7.473604000000000000e+06,3.470000000000000000e+02
7.474540000000000000e+06,3.400000000000000000e+02
7.475476000000000000e+06,3.470000000000000000e+02
7.476408000000000000e+06,3.420000000000000000e+02
7.477344000000000000e+06,3.340000000000000000e+02
7.478288000000000000e+06,3.480000000000000000e+02
7.479216000000000000e+06,3.470000000000000000e+02
7.480148000000000000e+06,3.310000000000000000e+02
7.481084000000000000e+06,3.310000000000000000e+02
7.482020000000000000e+06,3.340000000000000000e+02
7.482956000000000000e+06,3.350000000000000000e+02
7.483888000000000000e+06,3.420000000000000000e+02
7.484824000000000000e+06,3.640000000000000000e+02
7.485760000000000000e+06,3.550000000000000000e+02
7.486696000000000000e+06,3.460000000000000000e+02
7.487628000000000000e+06,3.430000000000000000e+02
7.488564000000000000e+06,3.350000000000000000e+02
7.489500000000000000e+06,3.590000000000000000e+02
7.490436000000000000e+06,3.710000000000000000e+02
7.491368000000000000e+06,3.590000000000000000e+02
7.492304000000000000e+06,3.580000000000000000e+02
7.493240000000000000e+06,3.390000000000000000e+02
7.494176000000000000e+06,3.260000000000000000e+02
7.495108000000000000e+06,3.240000000000000000e+02
7.496044000000000000e+06,3.500000000000000000e+02
7.496980000000000000e+06,3.590000000000000000e+02
7.497916000000000000e+06,3.480000000000000000e+02
7.498848000000000000e+06,3.240000000000000000e+02
7.499792000000000000e+06,3.210000000000000000e+02
7.500720000000000000e+06,3.100000000000000000e+02
7.501656000000000000e+06,3.450000000000000000e+02
7.502588000000000000e+06,3.740000000000000000e+02
7.503524000000000000e+06,3.850000000000000000e+02
7.504460000000000000e+06,3.640000000000000000e+02
7.505396000000000000e+06,3.550000000000000000e+02
7.506328000000000000e+06,3.550000000000000000e+02
7.507264000000000000e+06,3.270000000000000000e+02
7.508200000000000000e+06,3.190000000000000000e+02
7.509136000000000000e+06,3.470000000000000000e+02
7.510068000000000000e+06,3.680000000000000000e+02
7.511004000000000000e+06,3.630000000000000000e+02
7.511940000000000000e+06,3.370000000000000000e+02
7.512876000000000000e+06,3.070000000000000000e+02
7.513808000000000000e+06,2.950000000000000000e+02
7.514744000000000000e+06,3.130000000000000000e+02
7.515680000000000000e+06,3.270000000000000000e+02
7.516616000000000000e+06,3.240000000000000000e+02
7.517548000000000000e+06,3.230000000000000000e+02
7.518484000000000000e+06,3.360000000000000000e+02
7.519420000000000000e+06,3.480000000000000000e+02
7.520356000000000000e+06,3.270000000000000000e+02
7.521296000000000000e+06,3.240000000000000000e+02
7.522224000000000000e+06,3.190000000000000000e+02
7.523160000000000000e+06,3.110000000000000000e+02
7.524096000000000000e+06,3.120000000000000000e+02
7.525028000000000000e+06,3.260000000000000000e+02
7.525964000000000000e+06,3.270000000000000000e+02
7.526900000000000000e+06,3.420000000000000000e+02
7.527836000000000000e+06,3.370000000000000000e+02
7.528768000000000000e+06,3.500000000000000000e+02
7.529704000000000000e+06,3.500000000000000000e+02
7.530640000000000000e+06,3.480000000000000000e+02
7.531576000000000000e+06,3.560000000000000000e+02
7.532508000000000000e+06,3.560000000000000000e+02
7.533444000000000000e+06,3.270000000000000000e+02
7.534380000000000000e+06,3.150000000000000000e+02
7.535316000000000000e+06,3.270000000000000000e+02
7.536248000000000000e+06,3.350000000000000000e+02
7.537184000000000000e+06,3.440000000000000000e+02
7.538120000000000000e+06,3.450000000000000000e+02
7.539056000000000000e+06,3.480000000000000000e+02
7.539988000000000000e+06,3.390000000000000000e+02
7.540924000000000000e+06,3.190000000000000000e+02
7.541860000000000000e+06,3.350000000000000000e+02
7.542800000000000000e+06,3.540000000000000000e+02
7.543728000000000000e+06,3.580000000000000000e+02
7.544664000000000000e+06,3.550000000000000000e+02
7.545600000000000000e+06,3.490000000000000000e+02
7.546536000000000000e+06,3.390000000000000000e+02
7.547468000000000000e+06,3.380000000000000000e+02
7.548404000000000000e+06,3.260000000000000000e+02
7.549340000000000000e+06,3.450000000000000000e+02
7.550276000000000000e+06,3.560000000000000000e+02
7.551208000000000000e+06,3.440000000000000000e+02
7.552144000000000000e+06,3.290000000000000000e+02
7.553080000000000000e+06,3.190000000000000000e+02
7.554016000000000000e+06,3.340000000000000000e+02
7.554948000000000000e+06,3.470000000000000000e+02
7.555884000000000000e+06,3.500000000000000000e+02
7.556820000000000000e+06,3.390000000000000000e+02
7.557756000000000000e+06,3.260000000000000000e+02
7.558688000000000000e+06,3.360000000000000000e+02
7.559624000000000000e+06,3.520000000000000000e+02
7.560560000000000000e+06,3.520000000000000000e+02
7.561496000000000000e+06,3.480000000000000000e+02
7.562428000000000000e+06,3.550000000000000000e+02
7.563364000000000000e+06,3.510000000000000000e+02
7.564304000000000000e+06,3.430000000000000000e+02
7.565236000000000000e+06,3.400000000000000000e+02
7.566168000000000000e+06,3.270000000000000000e+02
7.567104000000000000e+06,3.310000000000000000e+02
7.568040000000000000e+06,3.420000000000000000e+02
7.568976000000000000e+06,3.430000000000000000e+02
7.569908000000000000e+06,3.390000000000000000e+02
7.570844000000000000e+06,3.350000000000000000e+02
7.571780000000000000e+06,3.350000000000000000e+02
7.572716000000000000e+06,3.520000000000000000e+02
7.573648000000000000e+06,3.640000000000000000e+02
7.574584000000000000e+06,3.550000000000000000e+02
7.575520000000000000e+06,3.400000000000000000e+02
7.576456000000000000e+06,3.320000000000000000e+02
7.577388000000000000e+06,3.310000000000000000e+02
7.578324000000000000e+06,3.480000000000000000e+02
7.579260000000000000e+06,3.580000000000000000e+02
7.580196000000000000e+06,3.510000000000000000e+02
7.581128000000000000e+06,3.480000000000000000e+02
7.582064000000000000e+06,3.230000000000000000e+02
7.583000000000000000e+06,3.230000000000000000e+02
7.583936000000000000e+06,3.330000000000000000e+02
7.584868000000000000e+06,3.390000000000000000e+02
7.585812000000000000e+06,3.580000000000000000e+02
7.586740000000000000e+06,3.450000000000000000e+02
7.587676000000000000e+06,3.390000000000000000e+02
7.588608000000000000e+06,3.420000000000000000e+02
7.589544000000000000e+06,3.310000000000000000e+02
7.590480000000000000e+06,3.190000000000000000e+02
7.591416000000000000e+06,3.350000000000000000e+02
7.592348000000000000e+06,3.420000000000000000e+02
7.593284000000000000e+06,3.440000000000000000e+02
7.594220000000000000e+06,3.370000000000000000e+02
7.595156000000000000e+06,3.390000000000000000e+02
7.596088000000000000e+06,3.310000000000000000e+02
7.597024000000000000e+06,3.190000000000000000e+02
7.597960000000000000e+06,3.440000000000000000e+02
7.598896000000000000e+06,3.370000000000000000e+02
7.599828000000000000e+06,3.330000000000000000e+02
7.600764000000000000e+06,3.470000000000000000e+02
7.601700000000000000e+06,3.550000000000000000e+02
7.602636000000000000e+06,3.550000000000000000e+02
7.603568000000000000e+06,3.470000000000000000e+02
7.604504000000000000e+06,3.340000000000000000e+02
7.605440000000000000e+06,3.400000000000000000e+02
7.606376000000000000e+06,3.430000000000000000e+02
7.607316000000000000e+06,3.370000000000000000e+02
7.608244000000000000e+06,3.520000000000000000e+02
7.609180000000000000e+06,3.230000000000000000e+02
7.610116000000000000e+06,3.270000000000000000e+02
7.611048000000000000e+06,3.270000000000000000e+02
7.611984000000000000e+06,3.500000000000000000e+02
7.612920000000000000e+06,3.430000000000000000e+02
7.613856000000000000e+06,3.350000000000000000e+02
7.614788000000000000e+06,3.390000000000000000e+02
7.615724000000000000e+06,3.260000000000000000e+02
7.616660000000000000e+06,3.270000000000000000e+02
7.617596000000000000e+06,3.230000000000000000e+02
7.618528000000000000e+06,3.210000000000000000e+02
7.619464000000000000e+06,3.150000000000000000e+02
7.620400000000000000e+06,3.190000000000000000e+02
7.621336000000000000e+06,3.350000000000000000e+02
7.622268000000000000e+06,3.320000000000000000e+02
7.623204000000000000e+06,3.350000000000000000e+02
7.624140000000000000e+06,3.220000000000000000e+02
7.625076000000000000e+06,3.270000000000000000e+02
7.626008000000000000e+06,3.480000000000000000e+02
7.626944000000000000e+06,3.590000000000000000e+02
7.627880000000000000e+06,3.580000000000000000e+02
7.628820000000000000e+06,3.530000000000000000e+02
7.629748000000000000e+06,3.390000000000000000e+02
7.630684000000000000e+06,3.160000000000000000e+02
7.631620000000000000e+06,3.070000000000000000e+02
7.632556000000000000e+06,3.240000000000000000e+02
7.633488000000000000e+06,3.360000000000000000e+02
7.634424000000000000e+06,3.470000000000000000e+02
7.635360000000000000e+06,3.320000000000000000e+02
7.636296000000000000e+06,3.410000000000000000e+02
7.637228000000000000e+06,3.340000000000000000e+02
7.638164000000000000e+06,3.230000000000000000e+02
7.639100000000000000e+06,3.400000000000000000e+02
7.640036000000000000e+06,3.560000000000000000e+02
7.640968000000000000e+06,3.530000000000000000e+02
7.641904000000000000e+06,3.510000000000000000e+02
7.642840000000000000e+06,3.370000000000000000e+02
7.643776000000000000e+06,3.390000000000000000e+02
7.644708000000000000e+06,3.380000000000000000e+02
7.645644000000000000e+06,3.270000000000000000e+02
7.646580000000000000e+06,3.180000000000000000e+02
7.647516000000000000e+06,3.560000000000000000e+02
7.648448000000000000e+06,3.760000000000000000e+02
7.649384000000000000e+06,3.580000000000000000e+02
7.650324000000000000e+06,3.320000000000000000e+02
7.651256000000000000e+06,3.210000000000000000e+02
7.652188000000000000e+06,3.260000000000000000e+02
7.653124000000000000e+06,3.400000000000000000e+02
7.654060000000000000e+06,3.420000000000000000e+02
7.654996000000000000e+06,3.390000000000000000e+02
7.655928000000000000e+06,3.390000000000000000e+02
7.656864000000000000e+06,3.500000000000000000e+02
7.657800000000000000e+06,3.580000000000000000e+02
7.658736000000000000e+06,3.640000000000000000e+02
7.659668000000000000e+06,3.350000000000000000e+02
7.660604000000000000e+06,3.340000000000000000e+02
7.661540000000000000e+06,3.360000000000000000e+02
7.662476000000000000e+06,3.400000000000000000e+02
7.663408000000000000e+06,3.430000000000000000e+02
7.664344000000000000e+06,3.310000000000000000e+02
7.665280000000000000e+06,3.320000000000000000e+02
7.666216000000000000e+06,3.440000000000000000e+02
7.667148000000000000e+06,3.320000000000000000e+02
7.668084000000000000e+06,3.440000000000000000e+02
7.669020000000000000e+06,3.520000000000000000e+02
7.669956000000000000e+06,3.510000000000000000e+02
7.670888000000000000e+06,3.380000000000000000e+02
7.671828000000000000e+06,3.320000000000000000e+02
7.672760000000000000e+06,3.340000000000000000e+02
7.673696000000000000e+06,3.580000000000000000e+02
7.674628000000000000e+06,3.670000000000000000e+02
7.675564000000000000e+06,3.590000000000000000e+02
7.676500000000000000e+06,3.590000000000000000e+02
7.677436000000000000e+06,3.570000000000000000e+02
7.678368000000000000e+06,3.520000000000000000e+02
7.679304000000000000e+06,3.400000000000000000e+02
7.680240000000000000e+06,3.180000000000000000e+02
7.681176000000000000e+06,3.120000000000000000e+02
7.682108000000000000e+06,3.320000000000000000e+02
7.683044000000000000e+06,3.550000000000000000e+02
7.683980000000000000e+06,3.540000000000000000e+02
7.684916000000000000e+06,3.560000000000000000e+02
7.685848000000000000e+06,3.520000000000000000e+02
7.686784000000000000e+06,3.450000000000000000e+02
7.687720000000000000e+06,3.420000000000000000e+02
7.688656000000000000e+06,3.350000000000000000e+02
7.689588000000000000e+06,3.300000000000000000e+02
7.690524000000000000e+06,3.110000000000000000e+02
7.691460000000000000e+06,3.190000000000000000e+02
7.692396000000000000e+06,3.480000000000000000e+02
7.693332000000000000e+06,3.520000000000000000e+02
7.694264000000000000e+06,3.480000000000000000e+02
7.695200000000000000e+06,3.450000000000000000e+02
7.696136000000000000e+06,3.500000000000000000e+02
7.697068000000000000e+06,3.450000000000000000e+02
7.698004000000000000e+06,3.270000000000000000e+02
7.698940000000000000e+06,3.440000000000000000e+02
7.699876000000000000e+06,3.350000000000000000e+02
7.700808000000000000e+06,3.350000000000000000e+02
7.701744000000000000e+06,3.370000000000000000e+02
7.702680000000000000e+06,3.440000000000000000e+02
7.703616000000000000e+06,3.530000000000000000e+02
7.704548000000000000e+06,3.640000000000000000e+02
7.705484000000000000e+06,3.530000000000000000e+02
7.706420000000000000e+06,3.190000000000000000e+02
7.707356000000000000e+06,3.190000000000000000e+02
7.708288000000000000e+06,3.550000000000000000e+02
7.709224000000000000e+06,3.580000000000000000e+02
7.710160000000000000e+06,3.500000000000000000e+02
7.711096000000000000e+06,3.390000000000000000e+02
7.712028000000000000e+06,3.250000000000000000e+02
7.712964000000000000e+06,3.380000000000000000e+02
7.713900000000000000e+06,3.680000000000000000e+02
7.714836000000000000e+06,3.480000000000000000e+02
7.715768000000000000e+06,3.190000000000000000e+02
7.716704000000000000e+06,3.080000000000000000e+02
7.717640000000000000e+06,3.310000000000000000e+02
7.718576000000000000e+06,3.550000000000000000e+02
7.719508000000000000e+06,3.540000000000000000e+02
7.720444000000000000e+06,3.270000000000000000e+02
7.721380000000000000e+06,3.240000000000000000e+02
7.722316000000000000e+06,3.180000000000000000e+02
7.723248000000000000e+06,3.190000000000000000e+02
7.724184000000000000e+06,3.230000000000000000e+02
7.725120000000000000e+06,3.190000000000000000e+02
7.726056000000000000e+06,3.350000000000000000e+02
7.726988000000000000e+06,3.480000000000000000e+02
7.727924000000000000e+06,3.400000000000000000e+02
7.728860000000000000e+06,3.590000000000000000e+02
7.729796000000000000e+06,3.470000000000000000e+02
7.730728000000000000e+06,3.190000000000000000e+02
7.731664000000000000e+06,3.190000000000000000e+02
7.732600000000000000e+06,3.180000000000000000e+02
7.733536000000000000e+06,3.220000000000000000e+02
7.734468000000000000e+06,3.310000000000000000e+02
7.735404000000000000e+06,3.400000000000000000e+02
7.736340000000000000e+06,3.370000000000000000e+02
7.737276000000000000e+06,3.290000000000000000e+02
7.738208000000000000e+06,3.420000000000000000e+02
7.739144000000000000e+06,3.290000000000000000e+02
7.740080000000000000e+06,3.340000000000000000e+02
7.741016000000000000e+06,3.360000000000000000e+02
7.741948000000000000e+06,3.370000000000000000e+02
7.742884000000000000e+06,3.360000000000000000e+02
7.743820000000000000e+06,3.440000000000000000e+02
7.744756000000000000e+06,3.510000000000000000e+02
7.745688000000000000e+06,3.450000000000000000e+02
7.746624000000000000e+06,3.350000000000000000e+02
7.747560000000000000e+06,3.200000000000000000e+02
7.748496000000000000e+06,3.290000000000000000e+02
7.749428000000000000e+06,3.290000000000000000e+02
7.750364000000000000e+06,3.440000000000000000e+02
7.751300000000000000e+06,3.330000000000000000e+02
7.752236000000000000e+06,3.260000000000000000e+02
7.753168000000000000e+06,3.310000000000000000e+02
7.754104000000000000e+06,3.380000000000000000e+02
7.755040000000000000e+06,3.550000000000000000e+02
7.755976000000000000e+06,3.550000000000000000e+02
7.756908000000000000e+06,3.390000000000000000e+02
7.757844000000000000e+06,3.390000000000000000e+02
7.758780000000000000e+06,3.390000000000000000e+02
7.759716000000000000e+06,3.370000000000000000e+02
7.760648000000000000e+06,3.370000000000000000e+02
7.761584000000000000e+06,3.350000000000000000e+02
7.762520000000000000e+06,3.330000000000000000e+02
7.763456000000000000e+06,3.350000000000000000e+02
7.764388000000000000e+06,3.370000000000000000e+02
7.765324000000000000e+06,3.390000000000000000e+02
7.766260000000000000e+06,3.490000000000000000e+02
7.767196000000000000e+06,3.440000000000000000e+02
7.768128000000000000e+06,3.480000000000000000e+02
7.769064000000000000e+06,3.350000000000000000e+02
7.770000000000000000e+06,3.420000000000000000e+02
7.770936000000000000e+06,3.480000000000000000e+02
7.771868000000000000e+06,3.430000000000000000e+02
7.772804000000000000e+06,3.440000000000000000e+02
7.773740000000000000e+06,3.380000000000000000e+02
7.774676000000000000e+06,3.540000000000000000e+02
7.775608000000000000e+06,3.470000000000000000e+02
7.776544000000000000e+06,3.310000000000000000e+02
7.777480000000000000e+06,3.480000000000000000e+02
7.778416000000000000e+06,3.420000000000000000e+02
7.779348000000000000e+06,3.450000000000000000e+02
7.780284000000000000e+06,3.270000000000000000e+02
7.781220000000000000e+06,3.290000000000000000e+02
7.782156000000000000e+06,3.450000000000000000e+02
7.783088000000000000e+06,3.450000000000000000e+02
7.784024000000000000e+06,3.530000000000000000e+02
7.784960000000000000e+06,3.520000000000000000e+02
7.785896000000000000e+06,3.440000000000000000e+02
7.786828000000000000e+06,3.420000000000000000e+02
7.787764000000000000e+06,3.440000000000000000e+02
7.788700000000000000e+06,3.440000000000000000e+02
7.789636000000000000e+06,3.370000000000000000e+02
7.790568000000000000e+06,3.330000000000000000e+02
7.791504000000000000e+06,3.500000000000000000e+02
7.792440000000000000e+06,3.550000000000000000e+02
7.793376000000000000e+06,3.530000000000000000e+02
7.794308000000000000e+06,3.520000000000000000e+02
7.795244000000000000e+06,3.560000000000000000e+02
7.796180000000000000e+06,3.680000000000000000e+02
7.797116000000000000e+06,3.510000000000000000e+02
7.798048000000000000e+06,3.390000000000000000e+02
7.798984000000000000e+06,3.380000000000000000e+02
7.799920000000000000e+06,3.400000000000000000e+02
7.800856000000000000e+06,3.390000000000000000e+02
7.801788000000000000e+06,3.530000000000000000e+02
7.802724000000000000e+06,3.670000000000000000e+02
7.803660000000000000e+06,3.590000000000000000e+02
7.804596000000000000e+06,3.420000000000000000e+02
7.805528000000000000e+06,3.520000000000000000e+02
7.806464000000000000e+06,3.590000000000000000e+02
7.807400000000000000e+06,3.550000000000000000e+02
7.808336000000000000e+06,3.440000000000000000e+02
7.809268000000000000e+06,3.270000000000000000e+02
7.810204000000000000e+06,3.320000000000000000e+02
7.811140000000000000e+06,3.440000000000000000e+02
7.812076000000000000e+06,3.390000000000000000e+02
7.813008000000000000e+06,3.400000000000000000e+02
7.813944000000000000e+06,3.480000000000000000e+02
7.814880000000000000e+06,3.490000000000000000e+02
7.815816000000000000e+06,3.330000000000000000e+02
7.816748000000000000e+06,3.340000000000000000e+02
7.817684000000000000e+06,3.260000000000000000e+02
7.818620000000000000e+06,3.290000000000000000e+02
7.819556000000000000e+06,3.350000000000000000e+02
7.820488000000000000e+06,3.320000000000000000e+02
7.821424000000000000e+06,3.280000000000000000e+02
7.822360000000000000e+06,3.390000000000000000e+02
7.823296000000000000e+06,3.330000000000000000e+02
7.824228000000000000e+06,3.350000000000000000e+02
7.825164000000000000e+06,3.370000000000000000e+02
7.826100000000000000e+06,3.440000000000000000e+02
7.827036000000000000e+06,3.530000000000000000e+02
7.827968000000000000e+06,3.440000000000000000e+02
7.828904000000000000e+06,3.430000000000000000e+02
7.829840000000000000e+06,3.370000000000000000e+02
7.830776000000000000e+06,3.350000000000000000e+02
7.831708000000000000e+06,3.500000000000000000e+02
7.832644000000000000e+06,3.590000000000000000e+02
7.833580000000000000e+06,3.450000000000000000e+02
7.834516000000000000e+06,3.390000000000000000e+02
7.835448000000000000e+06,3.340000000000000000e+02
7.836384000000000000e+06,3.370000000000000000e+02
7.837320000000000000e+06,3.520000000000000000e+02
7.838256000000000000e+06,3.450000000000000000e+02
7.839188000000000000e+06,3.440000000000000000e+02
7.840124000000000000e+06,3.310000000000000000e+02
7.841060000000000000e+06,3.230000000000000000e+02
7.841996000000000000e+06,3.400000000000000000e+02
7.842928000000000000e+06,3.470000000000000000e+02
7.843864000000000000e+06,3.560000000000000000e+02
7.844800000000000000e+06,3.540000000000000000e+02
7.845736000000000000e+06,3.380000000000000000e+02
7.846668000000000000e+06,3.320000000000000000e+02
7.847604000000000000e+06,3.350000000000000000e+02
7.848540000000000000e+06,3.440000000000000000e+02
7.849476000000000000e+06,3.350000000000000000e+02
7.850408000000000000e+06,3.290000000000000000e+02
7.851344000000000000e+06,3.390000000000000000e+02
7.852280000000000000e+06,3.440000000000000000e+02
7.853216000000000000e+06,3.360000000000000000e+02
7.854148000000000000e+06,3.260000000000000000e+02
7.855084000000000000e+06,3.350000000000000000e+02
7.856020000000000000e+06,3.190000000000000000e+02
7.856956000000000000e+06,3.120000000000000000e+02
7.857888000000000000e+06,3.410000000000000000e+02
7.858824000000000000e+06,3.420000000000000000e+02
7.859760000000000000e+06,3.350000000000000000e+02
7.860696000000000000e+06,3.450000000000000000e+02
7.861628000000000000e+06,3.350000000000000000e+02
7.862564000000000000e+06,3.430000000000000000e+02
7.863500000000000000e+06,3.560000000000000000e+02
7.864436000000000000e+06,3.400000000000000000e+02
7.865368000000000000e+06,3.350000000000000000e+02
7.866304000000000000e+06,3.330000000000000000e+02
7.867240000000000000e+06,3.270000000000000000e+02
7.868176000000000000e+06,3.230000000000000000e+02
7.869108000000000000e+06,3.270000000000000000e+02
7.870044000000000000e+06,3.370000000000000000e+02
7.870980000000000000e+06,3.380000000000000000e+02
7.871916000000000000e+06,3.380000000000000000e+02
7.872848000000000000e+06,3.330000000000000000e+02
7.873784000000000000e+06,3.320000000000000000e+02
7.874720000000000000e+06,3.390000000000000000e+02
7.875656000000000000e+06,3.490000000000000000e+02
7.876588000000000000e+06,3.480000000000000000e+02
7.877524000000000000e+06,3.530000000000000000e+02
7.878460000000000000e+06,3.320000000000000000e+02
7.879396000000000000e+06,3.350000000000000000e+02
7.880328000000000000e+06,3.400000000000000000e+02
7.881264000000000000e+06,3.320000000000000000e+02
7.882200000000000000e+06,3.260000000000000000e+02
7.883136000000000000e+06,3.270000000000000000e+02
7.884068000000000000e+06,3.360000000000000000e+02
7.885004000000000000e+06,3.480000000000000000e+02
7.885940000000000000e+06,3.480000000000000000e+02
7.886876000000000000e+06,3.440000000000000000e+02
7.887808000000000000e+06,3.480000000000000000e+02
7.888744000000000000e+06,3.590000000000000000e+02
7.889680000000000000e+06,3.550000000000000000e+02
7.890616000000000000e+06,3.580000000000000000e+02
7.891548000000000000e+06,3.560000000000000000e+02
7.892484000000000000e+06,3.390000000000000000e+02
7.893420000000000000e+06,3.300000000000000000e+02
7.894356000000000000e+06,3.390000000000000000e+02
7.895288000000000000e+06,3.520000000000000000e+02
7.896224000000000000e+06,3.430000000000000000e+02
7.897160000000000000e+06,3.350000000000000000e+02
7.898096000000000000e+06,3.390000000000000000e+02
7.899028000000000000e+06,3.400000000000000000e+02
7.899964000000000000e+06,3.540000000000000000e+02
7.900900000000000000e+06,3.590000000000000000e+02
7.901836000000000000e+06,3.480000000000000000e+02
7.902768000000000000e+06,3.280000000000000000e+02
7.903704000000000000e+06,3.160000000000000000e+02
7.904640000000000000e+06,3.190000000000000000e+02
7.905576000000000000e+06,3.350000000000000000e+02
7.906508000000000000e+06,3.450000000000000000e+02
7.907444000000000000e+06,3.330000000000000000e+02
7.908380000000000000e+06,3.580000000000000000e+02
7.909316000000000000e+06,3.550000000000000000e+02
7.910248000000000000e+06,3.510000000000000000e+02
7.911184000000000000e+06,3.530000000000000000e+02
7.912120000000000000e+06,3.590000000000000000e+02
7.913056000000000000e+06,3.390000000000000000e+02
7.913988000000000000e+06,3.290000000000000000e+02
7.914924000000000000e+06,3.330000000000000000e+02
7.915860000000000000e+06,3.480000000000000000e+02
7.916796000000000000e+06,3.480000000000000000e+02
7.917728000000000000e+06,3.480000000000000000e+02
7.918664000000000000e+06,3.440000000000000000e+02
7.919600000000000000e+06,3.350000000000000000e+02
7.920536000000000000e+06,3.400000000000000000e+02
7.921468000000000000e+06,3.390000000000000000e+02
7.922404000000000000e+06,3.450000000000000000e+02
7.923340000000000000e+06,3.450000000000000000e+02
7.924276000000000000e+06,3.390000000000000000e+02
7.925208000000000000e+06,3.420000000000000000e+02
7.926144000000000000e+06,3.370000000000000000e+02
7.927080000000000000e+06,3.350000000000000000e+02
7.928016000000000000e+06,3.510000000000000000e+02
7.928948000000000000e+06,3.440000000000000000e+02
7.929884000000000000e+06,3.340000000000000000e+02
7.930820000000000000e+06,3.390000000000000000e+02
7.931756000000000000e+06,3.430000000000000000e+02
7.932688000000000000e+06,3.310000000000000000e+02
7.933624000000000000e+06,3.320000000000000000e+02
7.934560000000000000e+06,3.330000000000000000e+02
7.935496000000000000e+06,3.350000000000000000e+02
7.936428000000000000e+06,3.390000000000000000e+02
7.937364000000000000e+06,3.310000000000000000e+02
7.938300000000000000e+06,3.350000000000000000e+02
7.939236000000000000e+06,3.440000000000000000e+02
7.940168000000000000e+06,3.350000000000000000e+02
7.941104000000000000e+06,3.230000000000000000e+02
7.942040000000000000e+06,3.430000000000000000e+02
7.942976000000000000e+06,3.510000000000000000e+02
7.943908000000000000e+06,3.450000000000000000e+02
7.944844000000000000e+06,3.370000000000000000e+02
7.945780000000000000e+06,3.270000000000000000e+02
7.946716000000000000e+06,3.470000000000000000e+02
7.947648000000000000e+06,3.400000000000000000e+02
7.948584000000000000e+06,3.320000000000000000e+02
7.949520000000000000e+06,3.290000000000000000e+02
7.950456000000000000e+06,3.350000000000000000e+02
7.951388000000000000e+06,3.390000000000000000e+02
7.952324000000000000e+06,3.470000000000000000e+02
7.953260000000000000e+06,3.590000000000000000e+02
7.954196000000000000e+06,3.530000000000000000e+02
7.955128000000000000e+06,3.520000000000000000e+02
7.956064000000000000e+06,3.590000000000000000e+02
7.957000000000000000e+06,3.440000000000000000e+02
7.957936000000000000e+06,3.310000000000000000e+02
7.958868000000000000e+06,3.270000000000000000e+02
7.959804000000000000e+06,3.050000000000000000e+02
7.960740000000000000e+06,3.230000000000000000e+02
7.961676000000000000e+06,3.550000000000000000e+02
7.962608000000000000e+06,3.590000000000000000e+02
7.963544000000000000e+06,3.590000000000000000e+02
7.964480000000000000e+06,3.550000000000000000e+02
7.965416000000000000e+06,3.290000000000000000e+02
7.966348000000000000e+06,3.190000000000000000e+02
7.967284000000000000e+06,3.250000000000000000e+02
7.968220000000000000e+06,3.370000000000000000e+02
7.969156000000000000e+06,3.550000000000000000e+02
7.970088000000000000e+06,3.490000000000000000e+02
7.971024000000000000e+06,3.440000000000000000e+02
7.971960000000000000e+06,3.390000000000000000e+02
7.972896000000000000e+06,3.230000000000000000e+02
7.973828000000000000e+06,3.100000000000000000e+02
7.974764000000000000e+06,3.130000000000000000e+02
7.975700000000000000e+06,3.230000000000000000e+02
7.976636000000000000e+06,3.440000000000000000e+02
7.977568000000000000e+06,3.520000000000000000e+02
7.978504000000000000e+06,3.190000000000000000e+02
7.979440000000000000e+06,3.250000000000000000e+02
7.980376000000000000e+06,3.390000000000000000e+02
7.981308000000000000e+06,3.480000000000000000e+02
7.982244000000000000e+06,3.240000000000000000e+02
7.983180000000000000e+06,3.340000000000000000e+02
7.984116000000000000e+06,3.390000000000000000e+02
7.985048000000000000e+06,3.390000000000000000e+02
7.985984000000000000e+06,3.350000000000000000e+02
7.986920000000000000e+06,3.500000000000000000e+02
7.987856000000000000e+06,3.550000000000000000e+02
7.988788000000000000e+06,3.510000000000000000e+02
7.989724000000000000e+06,3.320000000000000000e+02
7.990660000000000000e+06,3.230000000000000000e+02
7.991596000000000000e+06,3.260000000000000000e+02
7.992528000000000000e+06,3.250000000000000000e+02
7.993464000000000000e+06,3.270000000000000000e+02
7.994400000000000000e+06,3.270000000000000000e+02
7.995336000000000000e+06,3.420000000000000000e+02
7.996268000000000000e+06,3.440000000000000000e+02
7.997204000000000000e+06,3.470000000000000000e+02
7.999076000000000000e+06,3.390000000000000000e+02
8.000008000000000000e+06,3.310000000000000000e+02
8.000944000000000000e+06,3.310000000000000000e+02
8.001880000000000000e+06,3.440000000000000000e+02
8.002816000000000000e+06,3.540000000000000000e+02
8.003748000000000000e+06,3.390000000000000000e+02
8.004684000000000000e+06,3.310000000000000000e+02
8.005620000000000000e+06,3.200000000000000000e+02
8.006556000000000000e+06,3.320000000000000000e+02
8.007488000000000000e+06,3.520000000000000000e+02
8.008424000000000000e+06,3.320000000000000000e+02
8.009360000000000000e+06,3.420000000000000000e+02
8.010296000000000000e+06,3.430000000000000000e+02
8.011228000000000000e+06,3.480000000000000000e+02
8.012164000000000000e+06,3.520000000000000000e+02
8.013100000000000000e+06,3.560000000000000000e+02
8.014036000000000000e+06,3.440000000000000000e+02
8.014968000000000000e+06,3.370000000000000000e+02
8.015904000000000000e+06,3.350000000000000000e+02
8.016840000000000000e+06,3.260000000000000000e+02
8.017776000000000000e+06,3.340000000000000000e+02
8.018708000000000000e+06,3.420000000000000000e+02
8.019644000000000000e+06,3.440000000000000000e+02
8.020580000000000000e+06,3.480000000000000000e+02
8.021516000000000000e+06,3.360000000000000000e+02
8.022448000000000000e+06,3.320000000000000000e+02
8.023384000000000000e+06,3.440000000000000000e+02
8.024320000000000000e+06,3.480000000000000000e+02
8.025256000000000000e+06,3.440000000000000000e+02
8.026188000000000000e+06,3.410000000000000000e+02
8.027124000000000000e+06,3.420000000000000000e+02
8.028060000000000000e+06,3.430000000000000000e+02
8.028996000000000000e+06,3.440000000000000000e+02
8.029928000000000000e+06,3.480000000000000000e+02
8.030864000000000000e+06,3.590000000000000000e+02
8.031800000000000000e+06,3.430000000000000000e+02
8.032736000000000000e+06,3.350000000000000000e+02
8.033668000000000000e+06,3.340000000000000000e+02
8.034604000000000000e+06,3.450000000000000000e+02
8.035540000000000000e+06,3.400000000000000000e+02
8.036476000000000000e+06,3.440000000000000000e+02
8.037408000000000000e+06,3.320000000000000000e+02
8.038344000000000000e+06,3.410000000000000000e+02
8.039280000000000000e+06,3.350000000000000000e+02
8.040216000000000000e+06,3.500000000000000000e+02
8.041148000000000000e+06,3.520000000000000000e+02
8.042084000000000000e+06,3.560000000000000000e+02
8.043020000000000000e+06,3.580000000000000000e+02
8.043956000000000000e+06,3.560000000000000000e+02
8.044888000000000000e+06,3.480000000000000000e+02
8.045824000000000000e+06,3.350000000000000000e+02
8.046760000000000000e+06,3.440000000000000000e+02
8.047696000000000000e+06,3.480000000000000000e+02
8.048628000000000000e+06,3.440000000000000000e+02
8.049564000000000000e+06,3.370000000000000000e+02
8.050500000000000000e+06,3.310000000000000000e+02
8.051436000000000000e+06,3.390000000000000000e+02
8.052368000000000000e+06,3.350000000000000000e+02
8.053304000000000000e+06,3.390000000000000000e+02
8.054240000000000000e+06,3.390000000000000000e+02
8.055176000000000000e+06,3.440000000000000000e+02
8.056108000000000000e+06,3.410000000000000000e+02
8.057044000000000000e+06,3.510000000000000000e+02
8.057980000000000000e+06,3.270000000000000000e+02
8.058916000000000000e+06,3.290000000000000000e+02
8.059848000000000000e+06,3.400000000000000000e+02
8.060784000000000000e+06,3.340000000000000000e+02
8.061720000000000000e+06,3.320000000000000000e+02
8.062656000000000000e+06,3.260000000000000000e+02
8.064524000000000000e+06,3.480000000000000000e+02
8.065460000000000000e+06,3.480000000000000000e+02
8.066396000000000000e+06,3.470000000000000000e+02
8.067328000000000000e+06,3.340000000000000000e+02
8.068264000000000000e+06,3.330000000000000000e+02
8.069200000000000000e+06,3.500000000000000000e+02
8.070136000000000000e+06,3.480000000000000000e+02
8.071068000000000000e+06,3.450000000000000000e+02
8.072004000000000000e+06,3.350000000000000000e+02
8.072940000000000000e+06,3.350000000000000000e+02
8.073876000000000000e+06,3.400000000000000000e+02
8.074808000000000000e+06,3.430000000000000000e+02
8.075744000000000000e+06,3.370000000000000000e+02
8.076680000000000000e+06,3.370000000000000000e+02
8.077616000000000000e+06,3.470000000000000000e+02
8.078548000000000000e+06,3.470000000000000000e+02
8.079484000000000000e+06,3.520000000000000000e+02
8.080420000000000000e+06,3.530000000000000000e+02
8.081356000000000000e+06,3.420000000000000000e+02
8.082288000000000000e+06,3.440000000000000000e+02
8.083224000000000000e+06,3.390000000000000000e+02
8.084160000000000000e+06,3.270000000000000000e+02
8.085096000000000000e+06,3.300000000000000000e+02
8.086028000000000000e+06,3.420000000000000000e+02
8.086964000000000000e+06,3.530000000000000000e+02
8.087900000000000000e+06,3.420000000000000000e+02
8.088836000000000000e+06,3.390000000000000000e+02
8.089768000000000000e+06,3.310000000000000000e+02
8.090704000000000000e+06,3.310000000000000000e+02
8.091640000000000000e+06,3.430000000000000000e+02
8.092576000000000000e+06,3.460000000000000000e+02
8.093508000000000000e+06,3.420000000000000000e+02
8.094444000000000000e+06,3.390000000000000000e+02
8.095380000000000000e+06,3.520000000000000000e+02
8.096316000000000000e+06,3.480000000000000000e+02
8.097248000000000000e+06,3.370000000000000000e+02
8.098184000000000000e+06,3.270000000000000000e+02
8.099120000000000000e+06,3.270000000000000000e+02
8.100056000000000000e+06,3.230000000000000000e+02
8.100988000000000000e+06,3.350000000000000000e+02
8.101924000000000000e+06,3.390000000000000000e+02
8.102860000000000000e+06,3.370000000000000000e+02
8.103796000000000000e+06,3.270000000000000000e+02
8.104728000000000000e+06,3.270000000000000000e+02
8.105664000000000000e+06,3.350000000000000000e+02
8.106600000000000000e+06,3.440000000000000000e+02
8.107536000000000000e+06,3.390000000000000000e+02
8.108468000000000000e+06,3.500000000000000000e+02
8.109404000000000000e+06,3.360000000000000000e+02
8.110340000000000000e+06,3.320000000000000000e+02
8.111276000000000000e+06,3.270000000000000000e+02
8.112208000000000000e+06,3.390000000000000000e+02
8.113144000000000000e+06,3.450000000000000000e+02
8.114080000000000000e+06,3.440000000000000000e+02
8.115016000000000000e+06,3.370000000000000000e+02
8.115948000000000000e+06,3.340000000000000000e+02
8.116884000000000000e+06,3.290000000000000000e+02
8.117820000000000000e+06,3.370000000000000000e+02
8.118756000000000000e+06,3.320000000000000000e+02
8.119688000000000000e+06,3.270000000000000000e+02
8.120624000000000000e+06,3.310000000000000000e+02
8.121560000000000000e+06,3.350000000000000000e+02
8.122496000000000000e+06,3.390000000000000000e+02
8.123428000000000000e+06,3.410000000000000000e+02
8.124364000000000000e+06,3.400000000000000000e+02
8.125300000000000000e+06,3.420000000000000000e+02
8.126236000000000000e+06,3.400000000000000000e+02
8.127168000000000000e+06,3.440000000000000000e+02
8.128104000000000000e+06,3.390000000000000000e+02
8.129976000000000000e+06,3.370000000000000000e+02
8.130908000000000000e+06,3.350000000000000000e+02
8.131844000000000000e+06,3.220000000000000000e+02
8.132780000000000000e+06,3.320000000000000000e+02
8.133716000000000000e+06,3.390000000000000000e+02
8.134648000000000000e+06,3.360000000000000000e+02
8.135584000000000000e+06,3.390000000000000000e+02
8.136520000000000000e+06,3.420000000000000000e+02
8.137456000000000000e+06,3.350000000000000000e+02
8.138388000000000000e+06,3.630000000000000000e+02
8.139324000000000000e+06,3.610000000000000000e+02
8.140260000000000000e+06,3.430000000000000000e+02
8.141196000000000000e+06,3.320000000000000000e+02
8.142128000000000000e+06,3.370000000000000000e+02
8.143064000000000000e+06,3.490000000000000000e+02
8.144000000000000000e+06,3.420000000000000000e+02
8.144936000000000000e+06,3.370000000000000000e+02
8.145868000000000000e+06,3.400000000000000000e+02
8.146804000000000000e+06,3.320000000000000000e+02
8.147740000000000000e+06,3.440000000000000000e+02
8.148676000000000000e+06,3.480000000000000000e+02
8.149608000000000000e+06,3.420000000000000000e+02
8.150544000000000000e+06,3.540000000000000000e+02
8.151480000000000000e+06,3.640000000000000000e+02
8.152416000000000000e+06,3.640000000000000000e+02
8.153348000000000000e+06,3.530000000000000000e+02
8.154284000000000000e+06,3.430000000000000000e+02
8.155220000000000000e+06,3.440000000000000000e+02
8.156156000000000000e+06,3.240000000000000000e+02
8.157088000000000000e+06,3.290000000000000000e+02
8.158024000000000000e+06,3.310000000000000000e+02
8.158960000000000000e+06,3.370000000000000000e+02
8.159896000000000000e+06,3.390000000000000000e+02
8.160828000000000000e+06,3.420000000000000000e+02
8.161764000000000000e+06,3.450000000000000000e+02
8.162700000000000000e+06,3.470000000000000000e+02
8.163636000000000000e+06,3.480000000000000000e+02
8.164568000000000000e+06,3.550000000000000000e+02
8.165504000000000000e+06,3.530000000000000000e+02
8.166440000000000000e+06,3.440000000000000000e+02
8.167376000000000000e+06,3.270000000000000000e+02
8.168308000000000000e+06,3.210000000000000000e+02
8.169244000000000000e+06,3.390000000000000000e+02
8.170180000000000000e+06,3.450000000000000000e+02
8.171116000000000000e+06,3.530000000000000000e+02
8.172048000000000000e+06,3.520000000000000000e+02
8.172984000000000000e+06,3.550000000000000000e+02
8.173920000000000000e+06,3.530000000000000000e+02
8.174856000000000000e+06,3.530000000000000000e+02
8.175788000000000000e+06,3.470000000000000000e+02
8.176724000000000000e+06,3.430000000000000000e+02
8.177660000000000000e+06,3.320000000000000000e+02
8.178596000000000000e+06,3.480000000000000000e+02
8.179528000000000000e+06,3.550000000000000000e+02
8.180464000000000000e+06,3.660000000000000000e+02
8.181400000000000000e+06,3.520000000000000000e+02
8.182336000000000000e+06,3.510000000000000000e+02
8.183268000000000000e+06,3.450000000000000000e+02
8.184204000000000000e+06,3.340000000000000000e+02
8.185140000000000000e+06,3.320000000000000000e+02
8.186076000000000000e+06,3.240000000000000000e+02
8.187008000000000000e+06,3.320000000000000000e+02
8.187944000000000000e+06,3.350000000000000000e+02
8.188880000000000000e+06,3.330000000000000000e+02
8.189816000000000000e+06,3.440000000000000000e+02
8.190748000000000000e+06,3.440000000000000000e+02
8.191684000000000000e+06,3.380000000000000000e+02
8.192620000000000000e+06,3.370000000000000000e+02
8.193556000000000000e+06,3.490000000000000000e+02
8.194488000000000000e+06,3.450000000000000000e+02
8.195424000000000000e+06,3.450000000000000000e+02
8.196360000000000000e+06,3.500000000000000000e+02
8.197296000000000000e+06,3.410000000000000000e+02
8.198228000000000000e+06,3.470000000000000000e+02
8.199164000000000000e+06,3.260000000000000000e+02
8.200100000000000000e+06,3.190000000000000000e+02
8.201036000000000000e+06,3.130000000000000000e+02
8.201968000000000000e+06,3.270000000000000000e+02
8.202904000000000000e+06,3.440000000000000000e+02
8.203840000000000000e+06,3.480000000000000000e+02
8.204776000000000000e+06,3.350000000000000000e+02
8.205708000000000000e+06,3.420000000000000000e+02
8.206644000000000000e+06,3.440000000000000000e+02
8.207580000000000000e+06,3.510000000000000000e+02
8.208516000000000000e+06,3.560000000000000000e+02
8.209448000000000000e+06,3.500000000000000000e+02
8.210384000000000000e+06,3.340000000000000000e+02
8.211320000000000000e+06,3.210000000000000000e+02
8.212256000000000000e+06,3.420000000000000000e+02
8.213188000000000000e+06,3.350000000000000000e+02
8.214124000000000000e+06,3.320000000000000000e+02
8.215060000000000000e+06,3.430000000000000000e+02
8.215996000000000000e+06,3.580000000000000000e+02
8.216928000000000000e+06,3.530000000000000000e+02
8.217864000000000000e+06,3.480000000000000000e+02
8.218800000000000000e+06,3.610000000000000000e+02
8.219736000000000000e+06,3.760000000000000000e+02
8.220668000000000000e+06,3.680000000000000000e+02
8.221604000000000000e+06,3.530000000000000000e+02
8.222540000000000000e+06,3.120000000000000000e+02
8.223476000000000000e+06,2.940000000000000000e+02
8.224408000000000000e+06,3.240000000000000000e+02
8.225344000000000000e+06,3.350000000000000000e+02
8.226280000000000000e+06,3.190000000000000000e+02
8.227216000000000000e+06,3.040000000000000000e+02
8.228148000000000000e+06,3.160000000000000000e+02
8.229084000000000000e+06,3.290000000000000000e+02
8.230020000000000000e+06,3.370000000000000000e+02
8.230956000000000000e+06,3.440000000000000000e+02
8.231888000000000000e+06,3.400000000000000000e+02
8.232824000000000000e+06,3.590000000000000000e+02
8.233760000000000000e+06,3.610000000000000000e+02
8.234696000000000000e+06,3.440000000000000000e+02
8.235628000000000000e+06,3.370000000000000000e+02
8.236564000000000000e+06,3.190000000000000000e+02
8.237500000000000000e+06,3.210000000000000000e+02
8.238436000000000000e+06,3.390000000000000000e+02
8.239368000000000000e+06,3.580000000000000000e+02
8.240304000000000000e+06,3.480000000000000000e+02
8.241240000000000000e+06,3.190000000000000000e+02
8.242176000000000000e+06,3.340000000000000000e+02
8.243108000000000000e+06,3.380000000000000000e+02
8.244044000000000000e+06,3.270000000000000000e+02
8.244980000000000000e+06,3.220000000000000000e+02
8.245916000000000000e+06,3.440000000000000000e+02
8.246848000000000000e+06,3.440000000000000000e+02
8.247784000000000000e+06,3.450000000000000000e+02
8.248720000000000000e+06,3.320000000000000000e+02
8.249656000000000000e+06,3.350000000000000000e+02
8.250588000000000000e+06,3.590000000000000000e+02
8.251524000000000000e+06,3.590000000000000000e+02
8.252460000000000000e+06,3.560000000000000000e+02
8.253396000000000000e+06,3.590000000000000000e+02
8.254328000000000000e+06,3.530000000000000000e+02
8.255264000000000000e+06,3.750000000000000000e+02
8.256200000000000000e+06,3.520000000000000000e+02
8.257136000000000000e+06,3.270000000000000000e+02
8.258068000000000000e+06,3.450000000000000000e+02
8.259004000000000000e+06,3.450000000000000000e+02
8.259940000000000000e+06,3.270000000000000000e+02
8.260876000000000000e+06,3.400000000000000000e+02
8.261808000000000000e+06,3.500000000000000000e+02
8.262744000000000000e+06,3.510000000000000000e+02
8.263684000000000000e+06,3.320000000000000000e+02
8.264616000000000000e+06,3.230000000000000000e+02
8.265548000000000000e+06,3.350000000000000000e+02
8.266484000000000000e+06,3.590000000000000000e+02
8.267420000000000000e+06,3.440000000000000000e+02
8.268356000000000000e+06,3.530000000000000000e+02
8.269288000000000000e+06,3.370000000000000000e+02
8.270224000000000000e+06,3.310000000000000000e+02
8.271160000000000000e+06,3.270000000000000000e+02
8.272096000000000000e+06,3.150000000000000000e+02
8.273028000000000000e+06,3.520000000000000000e+02
8.273964000000000000e+06,3.750000000000000000e+02
8.274900000000000000e+06,3.530000000000000000e+02
8.275836000000000000e+06,3.400000000000000000e+02
8.276768000000000000e+06,3.130000000000000000e+02
8.277704000000000000e+06,3.270000000000000000e+02
8.278640000000000000e+06,3.360000000000000000e+02
8.279576000000000000e+06,3.360000000000000000e+02
8.280508000000000000e+06,3.500000000000000000e+02
8.281444000000000000e+06,3.550000000000000000e+02
8.282380000000000000e+06,3.480000000000000000e+02
8.283316000000000000e+06,3.350000000000000000e+02
8.284248000000000000e+06,3.200000000000000000e+02
8.285192000000000000e+06,3.160000000000000000e+02
8.286120000000000000e+06,3.390000000000000000e+02
8.287056000000000000e+06,3.390000000000000000e+02
8.287988000000000000e+06,3.480000000000000000e+02
8.288924000000000000e+06,3.590000000000000000e+02
8.289860000000000000e+06,3.420000000000000000e+02
8.290796000000000000e+06,3.190000000000000000e+02
8.291728000000000000e+06,3.040000000000000000e+02
8.292664000000000000e+06,3.210000000000000000e+02
8.293600000000000000e+06,3.520000000000000000e+02
8.294536000000000000e+06,3.590000000000000000e+02
8.295468000000000000e+06,3.500000000000000000e+02
8.296404000000000000e+06,3.260000000000000000e+02
8.297340000000000000e+06,3.380000000000000000e+02
8.298276000000000000e+06,3.590000000000000000e+02
8.299208000000000000e+06,3.610000000000000000e+02
8.300144000000000000e+06,3.370000000000000000e+02
8.301080000000000000e+06,3.290000000000000000e+02
8.302016000000000000e+06,3.300000000000000000e+02
8.302948000000000000e+06,3.440000000000000000e+02
8.303884000000000000e+06,3.610000000000000000e+02
8.304820000000000000e+06,3.570000000000000000e+02
8.305756000000000000e+06,3.480000000000000000e+02
8.306696000000000000e+06,3.050000000000000000e+02
8.307624000000000000e+06,3.170000000000000000e+02
8.308560000000000000e+06,3.290000000000000000e+02
8.309496000000000000e+06,3.240000000000000000e+02
8.310428000000000000e+06,3.270000000000000000e+02
8.311364000000000000e+06,3.340000000000000000e+02
8.312300000000000000e+06,3.400000000000000000e+02
8.313236000000000000e+06,3.390000000000000000e+02
8.314168000000000000e+06,3.420000000000000000e+02
8.315104000000000000e+06,3.350000000000000000e+02
8.316040000000000000e+06,3.390000000000000000e+02
8.316976000000000000e+06,3.380000000000000000e+02
8.317908000000000000e+06,3.230000000000000000e+02
8.318844000000000000e+06,3.330000000000000000e+02
8.319780000000000000e+06,3.320000000000000000e+02
8.320716000000000000e+06,3.360000000000000000e+02
8.321648000000000000e+06,3.340000000000000000e+02
8.322584000000000000e+06,3.260000000000000000e+02
8.323520000000000000e+06,3.260000000000000000e+02
8.324456000000000000e+06,3.210000000000000000e+02
8.325388000000000000e+06,3.320000000000000000e+02
8.326324000000000000e+06,3.350000000000000000e+02
8.327260000000000000e+06,3.440000000000000000e+02
8.328200000000000000e+06,3.620000000000000000e+02
8.329128000000000000e+06,3.680000000000000000e+02
8.330064000000000000e+06,3.440000000000000000e+02
8.331000000000000000e+06,3.390000000000000000e+02
8.331936000000000000e+06,3.390000000000000000e+02
8.332868000000000000e+06,3.350000000000000000e+02
8.333804000000000000e+06,3.380000000000000000e+02
8.334740000000000000e+06,3.430000000000000000e+02
8.335676000000000000e+06,3.440000000000000000e+02
8.336608000000000000e+06,3.330000000000000000e+02
8.337544000000000000e+06,3.350000000000000000e+02
8.338480000000000000e+06,3.400000000000000000e+02
8.339416000000000000e+06,3.360000000000000000e+02
8.340348000000000000e+06,3.510000000000000000e+02
8.341284000000000000e+06,3.680000000000000000e+02
8.342220000000000000e+06,3.550000000000000000e+02
8.343156000000000000e+06,3.290000000000000000e+02
8.344088000000000000e+06,3.350000000000000000e+02
8.345024000000000000e+06,3.360000000000000000e+02
8.345960000000000000e+06,3.260000000000000000e+02
8.346896000000000000e+06,3.240000000000000000e+02
8.347828000000000000e+06,3.360000000000000000e+02
8.348764000000000000e+06,3.350000000000000000e+02
8.349708000000000000e+06,3.440000000000000000e+02
8.350636000000000000e+06,3.560000000000000000e+02
8.351568000000000000e+06,3.590000000000000000e+02
8.352504000000000000e+06,3.560000000000000000e+02
8.353440000000000000e+06,3.470000000000000000e+02
8.354376000000000000e+06,3.350000000000000000e+02
8.355308000000000000e+06,3.340000000000000000e+02
8.356244000000000000e+06,3.390000000000000000e+02
8.357180000000000000e+06,3.580000000000000000e+02
8.358116000000000000e+06,3.440000000000000000e+02
8.359048000000000000e+06,3.420000000000000000e+02
8.359984000000000000e+06,3.340000000000000000e+02
8.360920000000000000e+06,3.230000000000000000e+02
8.361856000000000000e+06,3.190000000000000000e+02
8.362788000000000000e+06,3.270000000000000000e+02
8.363724000000000000e+06,3.390000000000000000e+02
8.364660000000000000e+06,3.470000000000000000e+02
8.365596000000000000e+06,3.590000000000000000e+02
8.366528000000000000e+06,3.590000000000000000e+02
8.367464000000000000e+06,3.390000000000000000e+02
8.368400000000000000e+06,3.370000000000000000e+02
8.369336000000000000e+06,3.580000000000000000e+02
8.370268000000000000e+06,3.590000000000000000e+02
8.371212000000000000e+06,3.370000000000000000e+02
8.372140000000000000e+06,3.310000000000000000e+02
8.373076000000000000e+06,3.270000000000000000e+02
8.374008000000000000e+06,3.340000000000000000e+02
8.374944000000000000e+06,3.500000000000000000e+02
8.375880000000000000e+06,3.420000000000000000e+02
8.376816000000000000e+06,3.350000000000000000e+02
8.377748000000000000e+06,3.440000000000000000e+02
8.378684000000000000e+06,3.550000000000000000e+02
8.379620000000000000e+06,3.440000000000000000e+02
8.380556000000000000e+06,3.420000000000000000e+02
8.381488000000000000e+06,3.390000000000000000e+02
8.382424000000000000e+06,3.440000000000000000e+02
8.383360000000000000e+06,3.530000000000000000e+02
8.384296000000000000e+06,3.560000000000000000e+02
8.385228000000000000e+06,3.440000000000000000e+02
8.386164000000000000e+06,3.580000000000000000e+02
8.387100000000000000e+06,3.710000000000000000e+02
8.388036000000000000e+06,3.670000000000000000e+02
8.388968000000000000e+06,3.400000000000000000e+02
8.389904000000000000e+06,3.270000000000000000e+02
8.390840000000000000e+06,3.490000000000000000e+02
8.391776000000000000e+06,3.760000000000000000e+02
8.392716000000000000e+06,3.530000000000000000e+02
8.393644000000000000e+06,3.180000000000000000e+02
8.394580000000000000e+06,3.210000000000000000e+02
8.395516000000000000e+06,3.340000000000000000e+02
8.396448000000000000e+06,3.640000000000000000e+02
8.397384000000000000e+06,3.500000000000000000e+02
8.398320000000000000e+06,3.240000000000000000e+02
8.399256000000000000e+06,3.350000000000000000e+02
8.400188000000000000e+06,3.590000000000000000e+02
8.401124000000000000e+06,3.530000000000000000e+02
8.402060000000000000e+06,3.230000000000000000e+02
8.402996000000000000e+06,3.190000000000000000e+02
8.403928000000000000e+06,3.260000000000000000e+02
8.404864000000000000e+06,3.500000000000000000e+02
8.405800000000000000e+06,3.440000000000000000e+02
8.406736000000000000e+06,3.420000000000000000e+02
8.407668000000000000e+06,3.410000000000000000e+02
8.408604000000000000e+06,3.400000000000000000e+02
8.409540000000000000e+06,3.340000000000000000e+02
8.410476000000000000e+06,3.330000000000000000e+02
8.411408000000000000e+06,3.160000000000000000e+02
8.412344000000000000e+06,3.170000000000000000e+02
8.413280000000000000e+06,3.360000000000000000e+02
8.414220000000000000e+06,3.700000000000000000e+02
8.415148000000000000e+06,3.720000000000000000e+02
8.416084000000000000e+06,3.420000000000000000e+02
8.417020000000000000e+06,3.230000000000000000e+02
8.417956000000000000e+06,3.320000000000000000e+02
8.418888000000000000e+06,3.290000000000000000e+02
8.419824000000000000e+06,3.320000000000000000e+02
8.420760000000000000e+06,3.190000000000000000e+02
8.421696000000000000e+06,3.180000000000000000e+02
8.422628000000000000e+06,3.250000000000000000e+02
8.423564000000000000e+06,3.320000000000000000e+02
8.424500000000000000e+06,3.270000000000000000e+02
8.425436000000000000e+06,3.280000000000000000e+02
8.426368000000000000e+06,3.350000000000000000e+02
8.427304000000000000e+06,3.270000000000000000e+02
8.428240000000000000e+06,3.430000000000000000e+02
8.429176000000000000e+06,3.290000000000000000e+02
8.430108000000000000e+06,3.100000000000000000e+02
8.431044000000000000e+06,3.120000000000000000e+02
8.431980000000000000e+06,3.320000000000000000e+02
8.432916000000000000e+06,3.270000000000000000e+02
8.433848000000000000e+06,3.270000000000000000e+02
8.434784000000000000e+06,3.420000000000000000e+02
8.435724000000000000e+06,3.670000000000000000e+02
8.436656000000000000e+06,3.760000000000000000e+02
8.437588000000000000e+06,3.710000000000000000e+02
8.438524000000000000e+06,3.480000000000000000e+02
8.439460000000000000e+06,3.540000000000000000e+02
8.440396000000000000e+06,3.580000000000000000e+02
8.441328000000000000e+06,3.440000000000000000e+02
8.442264000000000000e+06,3.530000000000000000e+02
8.443200000000000000e+06,3.510000000000000000e+02
8.444136000000000000e+06,3.440000000000000000e+02
8.445068000000000000e+06,3.320000000000000000e+02
8.446004000000000000e+06,3.160000000000000000e+02
8.446940000000000000e+06,3.220000000000000000e+02
8.447876000000000000e+06,3.440000000000000000e+02
8.448808000000000000e+06,3.320000000000000000e+02
8.449744000000000000e+06,3.190000000000000000e+02
8.450680000000000000e+06,3.320000000000000000e+02
8.451616000000000000e+06,3.390000000000000000e+02
8.452548000000000000e+06,3.340000000000000000e+02
8.453484000000000000e+06,3.370000000000000000e+02
8.454420000000000000e+06,3.520000000000000000e+02
8.455356000000000000e+06,3.510000000000000000e+02
8.456288000000000000e+06,3.270000000000000000e+02
8.457232000000000000e+06,3.340000000000000000e+02
8.458160000000000000e+06,3.420000000000000000e+02
8.459096000000000000e+06,3.260000000000000000e+02
8.460028000000000000e+06,3.210000000000000000e+02
8.460964000000000000e+06,3.370000000000000000e+02
8.461900000000000000e+06,3.490000000000000000e+02
8.462836000000000000e+06,3.440000000000000000e+02
8.463768000000000000e+06,3.370000000000000000e+02
8.464704000000000000e+06,3.520000000000000000e+02
8.465640000000000000e+06,3.590000000000000000e+02
8.466576000000000000e+06,3.480000000000000000e+02
8.467508000000000000e+06,3.290000000000000000e+02
8.468444000000000000e+06,3.420000000000000000e+02
8.469380000000000000e+06,3.390000000000000000e+02
8.470316000000000000e+06,3.370000000000000000e+02
8.471248000000000000e+06,3.480000000000000000e+02
8.472184000000000000e+06,3.630000000000000000e+02
8.473120000000000000e+06,3.480000000000000000e+02
8.474056000000000000e+06,3.420000000000000000e+02
8.474988000000000000e+06,3.440000000000000000e+02
8.475924000000000000e+06,3.390000000000000000e+02
8.476860000000000000e+06,3.390000000000000000e+02
8.477796000000000000e+06,3.430000000000000000e+02
8.478736000000000000e+06,3.520000000000000000e+02
8.479664000000000000e+06,3.370000000000000000e+02
8.480600000000000000e+06,3.350000000000000000e+02
8.481536000000000000e+06,3.520000000000000000e+02
8.482468000000000000e+06,3.520000000000000000e+02
8.483404000000000000e+06,3.530000000000000000e+02
8.484340000000000000e+06,3.580000000000000000e+02
8.485276000000000000e+06,3.590000000000000000e+02
8.486208000000000000e+06,3.480000000000000000e+02
8.487144000000000000e+06,3.500000000000000000e+02
8.488080000000000000e+06,3.390000000000000000e+02
8.489016000000000000e+06,3.130000000000000000e+02
8.489948000000000000e+06,3.100000000000000000e+02
8.490884000000000000e+06,3.340000000000000000e+02
8.491820000000000000e+06,3.480000000000000000e+02
8.492756000000000000e+06,3.400000000000000000e+02
8.493688000000000000e+06,3.550000000000000000e+02
8.494624000000000000e+06,3.580000000000000000e+02
8.495560000000000000e+06,3.320000000000000000e+02
8.496496000000000000e+06,3.320000000000000000e+02
8.497428000000000000e+06,3.480000000000000000e+02
8.498364000000000000e+06,3.550000000000000000e+02
8.499300000000000000e+06,3.390000000000000000e+02
8.500240000000000000e+06,3.390000000000000000e+02
8.501168000000000000e+06,3.580000000000000000e+02
8.502104000000000000e+06,3.520000000000000000e+02
8.503040000000000000e+06,3.350000000000000000e+02
8.503976000000000000e+06,3.270000000000000000e+02
8.504908000000000000e+06,3.480000000000000000e+02
8.505844000000000000e+06,3.640000000000000000e+02
8.506780000000000000e+06,3.390000000000000000e+02
8.507716000000000000e+06,3.110000000000000000e+02
8.508648000000000000e+06,3.100000000000000000e+02
8.509584000000000000e+06,3.320000000000000000e+02
8.510520000000000000e+06,3.350000000000000000e+02
8.511456000000000000e+06,3.420000000000000000e+02
8.512388000000000000e+06,3.370000000000000000e+02
8.513324000000000000e+06,3.440000000000000000e+02
8.514260000000000000e+06,3.450000000000000000e+02
8.515196000000000000e+06,3.270000000000000000e+02
8.516128000000000000e+06,3.270000000000000000e+02
8.517064000000000000e+06,3.210000000000000000e+02
8.518000000000000000e+06,3.190000000000000000e+02
8.518936000000000000e+06,3.070000000000000000e+02
8.519868000000000000e+06,3.210000000000000000e+02
8.520804000000000000e+06,3.290000000000000000e+02
8.521744000000000000e+06,3.310000000000000000e+02
8.522676000000000000e+06,3.180000000000000000e+02
8.523608000000000000e+06,3.180000000000000000e+02
8.524544000000000000e+06,3.270000000000000000e+02
8.525480000000000000e+06,3.370000000000000000e+02
8.526416000000000000e+06,3.400000000000000000e+02
8.527348000000000000e+06,3.450000000000000000e+02
8.528284000000000000e+06,3.520000000000000000e+02
8.529220000000000000e+06,3.400000000000000000e+02
8.530156000000000000e+06,3.190000000000000000e+02
8.531088000000000000e+06,3.180000000000000000e+02
8.532024000000000000e+06,3.310000000000000000e+02
8.532960000000000000e+06,3.310000000000000000e+02
8.533896000000000000e+06,3.350000000000000000e+02
8.534828000000000000e+06,3.440000000000000000e+02
8.535764000000000000e+06,3.450000000000000000e+02
8.536700000000000000e+06,3.360000000000000000e+02
8.537636000000000000e+06,3.320000000000000000e+02
8.538568000000000000e+06,3.480000000000000000e+02
8.539504000000000000e+06,3.390000000000000000e+02
8.540440000000000000e+06,3.320000000000000000e+02
8.541376000000000000e+06,3.310000000000000000e+02
8.542308000000000000e+06,3.370000000000000000e+02
8.543252000000000000e+06,3.400000000000000000e+02
8.544180000000000000e+06,3.320000000000000000e+02
8.545116000000000000e+06,3.270000000000000000e+02
8.546048000000000000e+06,3.370000000000000000e+02
8.546984000000000000e+06,3.350000000000000000e+02
8.547920000000000000e+06,3.400000000000000000e+02
8.548856000000000000e+06,3.400000000000000000e+02
8.549788000000000000e+06,3.520000000000000000e+02
8.550724000000000000e+06,3.570000000000000000e+02
8.551660000000000000e+06,3.480000000000000000e+02
8.552596000000000000e+06,3.310000000000000000e+02
8.553528000000000000e+06,3.300000000000000000e+02
8.554464000000000000e+06,3.310000000000000000e+02
8.555400000000000000e+06,3.290000000000000000e+02
8.556336000000000000e+06,3.390000000000000000e+02
8.557268000000000000e+06,3.420000000000000000e+02
8.558204000000000000e+06,3.450000000000000000e+02
8.559140000000000000e+06,3.440000000000000000e+02
8.560076000000000000e+06,3.410000000000000000e+02
8.561008000000000000e+06,3.340000000000000000e+02
8.561944000000000000e+06,3.350000000000000000e+02
8.562880000000000000e+06,3.340000000000000000e+02
8.563816000000000000e+06,3.320000000000000000e+02
8.564756000000000000e+06,3.460000000000000000e+02
8.565684000000000000e+06,3.520000000000000000e+02
8.566620000000000000e+06,3.530000000000000000e+02
8.567556000000000000e+06,3.560000000000000000e+02
8.568488000000000000e+06,3.440000000000000000e+02
8.569424000000000000e+06,3.350000000000000000e+02
8.570360000000000000e+06,3.260000000000000000e+02
8.571296000000000000e+06,3.310000000000000000e+02
8.572228000000000000e+06,3.350000000000000000e+02
8.573164000000000000e+06,3.400000000000000000e+02
8.574100000000000000e+06,3.470000000000000000e+02
8.575036000000000000e+06,3.390000000000000000e+02
8.575968000000000000e+06,3.390000000000000000e+02
8.576904000000000000e+06,3.400000000000000000e+02
8.577840000000000000e+06,3.450000000000000000e+02
8.578776000000000000e+06,3.350000000000000000e+02
8.579708000000000000e+06,3.450000000000000000e+02
8.580644000000000000e+06,3.440000000000000000e+02
8.581580000000000000e+06,3.390000000000000000e+02
8.582516000000000000e+06,3.450000000000000000e+02
8.583448000000000000e+06,3.500000000000000000e+02
8.584384000000000000e+06,3.390000000000000000e+02
8.585320000000000000e+06,3.360000000000000000e+02
8.586260000000000000e+06,3.420000000000000000e+02
8.587188000000000000e+06,3.310000000000000000e+02
8.588124000000000000e+06,3.320000000000000000e+02
8.589060000000000000e+06,3.400000000000000000e+02
8.589996000000000000e+06,3.420000000000000000e+02
8.590928000000000000e+06,3.530000000000000000e+02
8.591864000000000000e+06,3.530000000000000000e+02
8.592800000000000000e+06,3.440000000000000000e+02
8.593736000000000000e+06,3.440000000000000000e+02
8.594668000000000000e+06,3.430000000000000000e+02
8.595604000000000000e+06,3.530000000000000000e+02
8.596540000000000000e+06,3.520000000000000000e+02
8.597476000000000000e+06,3.480000000000000000e+02
8.598408000000000000e+06,3.480000000000000000e+02
8.599344000000000000e+06,3.450000000000000000e+02
8.600280000000000000e+06,3.390000000000000000e+02
8.601216000000000000e+06,3.340000000000000000e+02
8.602148000000000000e+06,3.310000000000000000e+02
8.603084000000000000e+06,3.390000000000000000e+02
8.604020000000000000e+06,3.350000000000000000e+02
8.604956000000000000e+06,3.320000000000000000e+02
8.605888000000000000e+06,3.350000000000000000e+02
8.606824000000000000e+06,3.350000000000000000e+02
8.607764000000000000e+06,3.480000000000000000e+02
8.608696000000000000e+06,3.510000000000000000e+02
8.609628000000000000e+06,3.470000000000000000e+02
8.610564000000000000e+06,3.480000000000000000e+02
8.611500000000000000e+06,3.480000000000000000e+02
8.612436000000000000e+06,3.410000000000000000e+02
8.613368000000000000e+06,3.370000000000000000e+02
8.614304000000000000e+06,3.320000000000000000e+02
8.615240000000000000e+06,3.340000000000000000e+02
8.616176000000000000e+06,3.390000000000000000e+02
8.617108000000000000e+06,3.470000000000000000e+02
8.618044000000000000e+06,3.450000000000000000e+02
8.618980000000000000e+06,3.250000000000000000e+02
8.619916000000000000e+06,3.260000000000000000e+02
8.620848000000000000e+06,3.330000000000000000e+02
8.621784000000000000e+06,3.470000000000000000e+02
8.622720000000000000e+06,3.520000000000000000e+02
8.623656000000000000e+06,3.400000000000000000e+02
8.624588000000000000e+06,3.370000000000000000e+02
8.625524000000000000e+06,3.420000000000000000e+02
8.626460000000000000e+06,3.480000000000000000e+02
8.627396000000000000e+06,3.380000000000000000e+02
8.628328000000000000e+06,3.230000000000000000e+02
8.629268000000000000e+06,3.380000000000000000e+02
8.630200000000000000e+06,3.500000000000000000e+02
8.631136000000000000e+06,3.380000000000000000e+02
8.632068000000000000e+06,3.430000000000000000e+02
8.633004000000000000e+06,3.320000000000000000e+02
8.633940000000000000e+06,3.320000000000000000e+02
8.634876000000000000e+06,3.290000000000000000e+02
8.635808000000000000e+06,3.350000000000000000e+02
8.636744000000000000e+06,3.190000000000000000e+02
8.637680000000000000e+06,3.350000000000000000e+02
8.638616000000000000e+06,3.580000000000000000e+02
8.639548000000000000e+06,3.610000000000000000e+02
8.640484000000000000e+06,3.480000000000000000e+02
8.641420000000000000e+06,3.350000000000000000e+02
8.642356000000000000e+06,3.350000000000000000e+02
8.643288000000000000e+06,3.370000000000000000e+02
8.644224000000000000e+06,3.350000000000000000e+02
8.645160000000000000e+06,3.260000000000000000e+02
8.646096000000000000e+06,3.310000000000000000e+02
8.647028000000000000e+06,3.440000000000000000e+02
8.647964000000000000e+06,3.490000000000000000e+02
8.648900000000000000e+06,3.440000000000000000e+02
8.649836000000000000e+06,3.320000000000000000e+02
8.650772000000000000e+06,3.260000000000000000e+02
8.651704000000000000e+06,3.350000000000000000e+02
8.652640000000000000e+06,3.430000000000000000e+02
8.653576000000000000e+06,3.230000000000000000e+02
8.654508000000000000e+06,3.290000000000000000e+02
8.655444000000000000e+06,3.440000000000000000e+02
8.656380000000000000e+06,3.520000000000000000e+02
8.657316000000000000e+06,3.570000000000000000e+02
8.658248000000000000e+06,3.450000000000000000e+02
8.659184000000000000e+06,3.470000000000000000e+02
8.660120000000000000e+06,3.440000000000000000e+02
8.661056000000000000e+06,3.320000000000000000e+02
8.661988000000000000e+06,3.440000000000000000e+02
8.662924000000000000e+06,3.480000000000000000e+02
8.663860000000000000e+06,3.480000000000000000e+02
8.664796000000000000e+06,3.390000000000000000e+02
8.665728000000000000e+06,3.340000000000000000e+02
8.666664000000000000e+06,3.270000000000000000e+02
8.667600000000000000e+06,3.470000000000000000e+02
8.668536000000000000e+06,3.480000000000000000e+02
8.669468000000000000e+06,3.230000000000000000e+02
8.670404000000000000e+06,3.260000000000000000e+02
8.671340000000000000e+06,3.390000000000000000e+02
8.672276000000000000e+06,3.450000000000000000e+02
8.673208000000000000e+06,3.310000000000000000e+02
8.674144000000000000e+06,3.340000000000000000e+02
8.675080000000000000e+06,3.350000000000000000e+02
8.676016000000000000e+06,3.430000000000000000e+02
8.676948000000000000e+06,3.410000000000000000e+02
8.677884000000000000e+06,3.440000000000000000e+02
8.678820000000000000e+06,3.440000000000000000e+02
8.679756000000000000e+06,3.420000000000000000e+02
8.680688000000000000e+06,3.510000000000000000e+02
8.681624000000000000e+06,3.430000000000000000e+02
8.682560000000000000e+06,3.500000000000000000e+02
8.683496000000000000e+06,3.520000000000000000e+02
8.684428000000000000e+06,3.470000000000000000e+02
8.685364000000000000e+06,3.440000000000000000e+02
8.686300000000000000e+06,3.260000000000000000e+02
8.687236000000000000e+06,3.350000000000000000e+02
8.688168000000000000e+06,3.190000000000000000e+02
8.689104000000000000e+06,3.290000000000000000e+02
8.690040000000000000e+06,3.320000000000000000e+02
8.690976000000000000e+06,3.320000000000000000e+02
8.691908000000000000e+06,3.290000000000000000e+02
8.692844000000000000e+06,3.290000000000000000e+02
8.693780000000000000e+06,3.350000000000000000e+02
8.694716000000000000e+06,3.310000000000000000e+02
8.695648000000000000e+06,3.370000000000000000e+02
8.696584000000000000e+06,3.400000000000000000e+02
8.697520000000000000e+06,3.370000000000000000e+02
8.698456000000000000e+06,3.370000000000000000e+02
8.699388000000000000e+06,3.450000000000000000e+02
8.700324000000000000e+06,3.480000000000000000e+02
8.701260000000000000e+06,3.440000000000000000e+02
8.702196000000000000e+06,3.440000000000000000e+02
8.703128000000000000e+06,3.420000000000000000e+02
8.704064000000000000e+06,3.470000000000000000e+02
8.705000000000000000e+06,3.480000000000000000e+02
8.705936000000000000e+06,3.400000000000000000e+02
8.706868000000000000e+06,3.310000000000000000e+02
8.707804000000000000e+06,3.320000000000000000e+02
8.708740000000000000e+06,3.390000000000000000e+02
8.709676000000000000e+06,3.440000000000000000e+02
8.710608000000000000e+06,3.390000000000000000e+02
8.711544000000000000e+06,3.350000000000000000e+02
8.712480000000000000e+06,3.320000000000000000e+02
8.713416000000000000e+06,3.320000000000000000e+02
8.714348000000000000e+06,3.370000000000000000e+02
8.715284000000000000e+06,3.380000000000000000e+02
8.716220000000000000e+06,3.350000000000000000e+02
8.717156000000000000e+06,3.370000000000000000e+02
8.718088000000000000e+06,3.340000000000000000e+02
8.719960000000000000e+06,3.510000000000000000e+02
8.720896000000000000e+06,3.560000000000000000e+02
8.721828000000000000e+06,3.610000000000000000e+02
8.722764000000000000e+06,3.550000000000000000e+02
8.723700000000000000e+06,3.450000000000000000e+02
8.724636000000000000e+06,3.340000000000000000e+02
8.725568000000000000e+06,3.420000000000000000e+02
8.726504000000000000e+06,3.350000000000000000e+02
8.727440000000000000e+06,3.290000000000000000e+02
8.728376000000000000e+06,3.340000000000000000e+02
8.729308000000000000e+06,3.350000000000000000e+02
8.730244000000000000e+06,3.400000000000000000e+02
8.731180000000000000e+06,3.510000000000000000e+02
8.732116000000000000e+06,3.560000000000000000e+02
8.733048000000000000e+06,3.490000000000000000e+02
8.733984000000000000e+06,3.310000000000000000e+02
8.734920000000000000e+06,3.270000000000000000e+02
8.735856000000000000e+06,3.320000000000000000e+02
8.736788000000000000e+06,3.340000000000000000e+02
8.737724000000000000e+06,3.340000000000000000e+02
8.738660000000000000e+06,3.380000000000000000e+02
8.739596000000000000e+06,3.480000000000000000e+02
8.740528000000000000e+06,3.470000000000000000e+02
8.741464000000000000e+06,3.470000000000000000e+02
8.742400000000000000e+06,3.480000000000000000e+02
8.743336000000000000e+06,3.470000000000000000e+02
8.744268000000000000e+06,3.480000000000000000e+02
8.745204000000000000e+06,3.390000000000000000e+02
8.746140000000000000e+06,3.410000000000000000e+02
8.747076000000000000e+06,3.350000000000000000e+02
8.748008000000000000e+06,3.430000000000000000e+02
8.748944000000000000e+06,3.370000000000000000e+02
8.749880000000000000e+06,3.330000000000000000e+02
8.750816000000000000e+06,3.320000000000000000e+02
8.751748000000000000e+06,3.320000000000000000e+02
8.752684000000000000e+06,3.320000000000000000e+02
8.753620000000000000e+06,3.430000000000000000e+02
8.754556000000000000e+06,3.420000000000000000e+02
8.755488000000000000e+06,3.380000000000000000e+02
8.756424000000000000e+06,3.440000000000000000e+02
8.757360000000000000e+06,3.470000000000000000e+02
8.758296000000000000e+06,3.440000000000000000e+02
8.759228000000000000e+06,3.390000000000000000e+02
8.760164000000000000e+06,3.370000000000000000e+02
8.761100000000000000e+06,3.430000000000000000e+02
8.762036000000000000e+06,3.390000000000000000e+02
8.762968000000000000e+06,3.440000000000000000e+02
8.763904000000000000e+06,3.330000000000000000e+02
8.764840000000000000e+06,3.340000000000000000e+02
8.765776000000000000e+06,3.270000000000000000e+02
8.766708000000000000e+06,3.440000000000000000e+02
8.767644000000000000e+06,3.440000000000000000e+02
8.768580000000000000e+06,3.350000000000000000e+02
8.769516000000000000e+06,3.290000000000000000e+02
8.770448000000000000e+06,3.320000000000000000e+02
8.771384000000000000e+06,3.440000000000000000e+02
8.772320000000000000e+06,3.450000000000000000e+02
8.773256000000000000e+06,3.530000000000000000e+02
8.774188000000000000e+06,3.470000000000000000e+02
8.775124000000000000e+06,3.520000000000000000e+02
8.776060000000000000e+06,3.440000000000000000e+02
8.776996000000000000e+06,3.440000000000000000e+02
8.777928000000000000e+06,3.480000000000000000e+02
8.778864000000000000e+06,3.450000000000000000e+02
8.779800000000000000e+06,3.390000000000000000e+02
8.780736000000000000e+06,3.430000000000000000e+02
8.781668000000000000e+06,3.350000000000000000e+02
8.782604000000000000e+06,3.400000000000000000e+02
8.783540000000000000e+06,3.470000000000000000e+02
8.785408000000000000e+06,3.470000000000000000e+02
8.786344000000000000e+06,3.340000000000000000e+02
8.787280000000000000e+06,3.520000000000000000e+02
8.788216000000000000e+06,3.470000000000000000e+02
8.789148000000000000e+06,3.520000000000000000e+02
8.790084000000000000e+06,3.440000000000000000e+02
8.791020000000000000e+06,3.470000000000000000e+02
8.791956000000000000e+06,3.560000000000000000e+02
8.792888000000000000e+06,3.480000000000000000e+02
8.793824000000000000e+06,3.400000000000000000e+02
8.794760000000000000e+06,3.390000000000000000e+02
8.795696000000000000e+06,3.390000000000000000e+02
8.796628000000000000e+06,3.480000000000000000e+02
8.797564000000000000e+06,3.370000000000000000e+02
8.798500000000000000e+06,3.350000000000000000e+02
8.799436000000000000e+06,3.410000000000000000e+02
8.800368000000000000e+06,3.370000000000000000e+02
8.801304000000000000e+06,3.550000000000000000e+02
8.802240000000000000e+06,3.590000000000000000e+02
8.803176000000000000e+06,3.290000000000000000e+02
8.804108000000000000e+06,3.210000000000000000e+02
8.805044000000000000e+06,3.260000000000000000e+02
8.805980000000000000e+06,3.440000000000000000e+02
8.806916000000000000e+06,3.440000000000000000e+02
8.807848000000000000e+06,3.480000000000000000e+02
8.808784000000000000e+06,3.350000000000000000e+02
8.809720000000000000e+06,3.310000000000000000e+02
8.810656000000000000e+06,3.370000000000000000e+02
8.811588000000000000e+06,3.440000000000000000e+02
8.812524000000000000e+06,3.460000000000000000e+02
8.813460000000000000e+06,3.320000000000000000e+02
8.814396000000000000e+06,3.290000000000000000e+02
8.815328000000000000e+06,3.340000000000000000e+02
8.816264000000000000e+06,3.390000000000000000e+02
8.817200000000000000e+06,3.460000000000000000e+02
8.818136000000000000e+06,3.530000000000000000e+02
8.819068000000000000e+06,3.450000000000000000e+02
8.820004000000000000e+06,3.450000000000000000e+02
8.820940000000000000e+06,3.470000000000000000e+02
8.821876000000000000e+06,3.520000000000000000e+02
8.822808000000000000e+06,3.370000000000000000e+02
8.823744000000000000e+06,3.390000000000000000e+02
8.824680000000000000e+06,3.520000000000000000e+02
8.825616000000000000e+06,3.450000000000000000e+02
8.826548000000000000e+06,3.430000000000000000e+02
8.827484000000000000e+06,3.470000000000000000e+02
8.828420000000000000e+06,3.290000000000000000e+02
8.829356000000000000e+06,3.340000000000000000e+02
8.830288000000000000e+06,3.450000000000000000e+02
8.831224000000000000e+06,3.500000000000000000e+02
8.832160000000000000e+06,3.390000000000000000e+02
8.833096000000000000e+06,3.320000000000000000e+02
8.834028000000000000e+06,3.350000000000000000e+02
8.834964000000000000e+06,3.440000000000000000e+02
8.835900000000000000e+06,3.420000000000000000e+02
8.836836000000000000e+06,3.360000000000000000e+02
8.837768000000000000e+06,3.290000000000000000e+02
8.838704000000000000e+06,3.210000000000000000e+02
8.839640000000000000e+06,3.190000000000000000e+02
8.840576000000000000e+06,3.390000000000000000e+02
8.841508000000000000e+06,3.480000000000000000e+02
8.842444000000000000e+06,3.380000000000000000e+02
8.843380000000000000e+06,3.320000000000000000e+02
8.844316000000000000e+06,3.290000000000000000e+02
8.845248000000000000e+06,3.370000000000000000e+02
8.846184000000000000e+06,3.430000000000000000e+02
8.847120000000000000e+06,3.420000000000000000e+02
8.848056000000000000e+06,3.400000000000000000e+02
8.848988000000000000e+06,3.260000000000000000e+02
8.850860000000000000e+06,3.340000000000000000e+02
8.851796000000000000e+06,3.320000000000000000e+02
8.852728000000000000e+06,3.230000000000000000e+02
8.853664000000000000e+06,3.350000000000000000e+02
8.854600000000000000e+06,3.370000000000000000e+02
8.855536000000000000e+06,3.350000000000000000e+02
8.856468000000000000e+06,3.410000000000000000e+02
8.857404000000000000e+06,3.380000000000000000e+02
8.858340000000000000e+06,3.430000000000000000e+02
8.859276000000000000e+06,3.470000000000000000e+02
8.860208000000000000e+06,3.440000000000000000e+02
8.861144000000000000e+06,3.350000000000000000e+02
8.862080000000000000e+06,3.400000000000000000e+02
8.863016000000000000e+06,3.440000000000000000e+02
8.863948000000000000e+06,3.400000000000000000e+02
8.864884000000000000e+06,3.390000000000000000e+02
8.865820000000000000e+06,3.390000000000000000e+02
8.866756000000000000e+06,3.420000000000000000e+02
8.867688000000000000e+06,3.420000000000000000e+02
8.868624000000000000e+06,3.390000000000000000e+02
8.869560000000000000e+06,3.270000000000000000e+02
8.870496000000000000e+06,3.320000000000000000e+02
8.871428000000000000e+06,3.410000000000000000e+02
8.872364000000000000e+06,3.440000000000000000e+02
8.873300000000000000e+06,3.460000000000000000e+02
8.874236000000000000e+06,3.420000000000000000e+02
8.875168000000000000e+06,3.350000000000000000e+02
8.876104000000000000e+06,3.400000000000000000e+02
8.877040000000000000e+06,3.440000000000000000e+02
8.877976000000000000e+06,3.410000000000000000e+02
8.878908000000000000e+06,3.450000000000000000e+02
8.879844000000000000e+06,3.520000000000000000e+02
8.880780000000000000e+06,3.530000000000000000e+02
8.881716000000000000e+06,3.500000000000000000e+02
8.882648000000000000e+06,3.390000000000000000e+02
8.883584000000000000e+06,3.330000000000000000e+02
8.884520000000000000e+06,3.400000000000000000e+02
8.885456000000000000e+06,3.490000000000000000e+02
8.886388000000000000e+06,3.440000000000000000e+02
8.887324000000000000e+06,3.270000000000000000e+02
8.888260000000000000e+06,3.480000000000000000e+02
8.889196000000000000e+06,3.340000000000000000e+02
8.890128000000000000e+06,3.440000000000000000e+02
8.891064000000000000e+06,3.390000000000000000e+02
8.892000000000000000e+06,3.390000000000000000e+02
8.892936000000000000e+06,3.390000000000000000e+02
8.893868000000000000e+06,3.390000000000000000e+02
8.894804000000000000e+06,3.600000000000000000e+02
8.895740000000000000e+06,3.480000000000000000e+02
8.896676000000000000e+06,3.270000000000000000e+02
8.897608000000000000e+06,3.290000000000000000e+02
8.898544000000000000e+06,3.380000000000000000e+02
8.899480000000000000e+06,3.490000000000000000e+02
8.900416000000000000e+06,3.500000000000000000e+02
8.901348000000000000e+06,3.450000000000000000e+02
8.902284000000000000e+06,3.480000000000000000e+02
8.903220000000000000e+06,3.510000000000000000e+02
8.904156000000000000e+06,3.550000000000000000e+02
8.905088000000000000e+06,3.370000000000000000e+02
8.906024000000000000e+06,3.160000000000000000e+02
8.906960000000000000e+06,3.390000000000000000e+02
8.907896000000000000e+06,3.530000000000000000e+02
8.908828000000000000e+06,3.590000000000000000e+02
8.909764000000000000e+06,3.520000000000000000e+02
8.910700000000000000e+06,3.450000000000000000e+02
8.911636000000000000e+06,3.390000000000000000e+02
8.912568000000000000e+06,3.320000000000000000e+02
8.913504000000000000e+06,3.350000000000000000e+02
8.914440000000000000e+06,3.480000000000000000e+02
8.915376000000000000e+06,3.530000000000000000e+02
8.916308000000000000e+06,3.520000000000000000e+02
8.917244000000000000e+06,3.450000000000000000e+02
8.918180000000000000e+06,3.530000000000000000e+02
8.919116000000000000e+06,3.630000000000000000e+02
8.920048000000000000e+06,3.530000000000000000e+02
8.920984000000000000e+06,3.450000000000000000e+02
8.921920000000000000e+06,3.490000000000000000e+02
8.922856000000000000e+06,3.470000000000000000e+02
8.923788000000000000e+06,3.510000000000000000e+02
8.924724000000000000e+06,3.540000000000000000e+02
8.925660000000000000e+06,3.640000000000000000e+02
8.926596000000000000e+06,3.580000000000000000e+02
8.927528000000000000e+06,3.310000000000000000e+02
8.928464000000000000e+06,3.330000000000000000e+02
8.929400000000000000e+06,3.390000000000000000e+02
8.930336000000000000e+06,3.430000000000000000e+02
8.931268000000000000e+06,3.420000000000000000e+02
8.932204000000000000e+06,3.430000000000000000e+02
8.933140000000000000e+06,3.380000000000000000e+02
8.934076000000000000e+06,3.230000000000000000e+02
8.935008000000000000e+06,3.190000000000000000e+02
8.935944000000000000e+06,3.440000000000000000e+02
8.936880000000000000e+06,3.630000000000000000e+02
8.937816000000000000e+06,3.400000000000000000e+02
8.938748000000000000e+06,3.310000000000000000e+02
8.939684000000000000e+06,3.190000000000000000e+02
8.940620000000000000e+06,3.230000000000000000e+02
8.941556000000000000e+06,3.260000000000000000e+02
8.942488000000000000e+06,3.420000000000000000e+02
8.943424000000000000e+06,3.550000000000000000e+02
8.944360000000000000e+06,3.440000000000000000e+02
8.945296000000000000e+06,3.210000000000000000e+02
8.946228000000000000e+06,3.310000000000000000e+02
8.947164000000000000e+06,3.480000000000000000e+02
8.948100000000000000e+06,3.400000000000000000e+02
8.949036000000000000e+06,3.370000000000000000e+02
8.949968000000000000e+06,3.390000000000000000e+02
8.950904000000000000e+06,3.370000000000000000e+02
8.951840000000000000e+06,3.310000000000000000e+02
8.952776000000000000e+06,3.370000000000000000e+02
8.953708000000000000e+06,3.420000000000000000e+02
8.954644000000000000e+06,3.440000000000000000e+02
8.955580000000000000e+06,3.420000000000000000e+02
8.956516000000000000e+06,3.410000000000000000e+02
8.957448000000000000e+06,3.550000000000000000e+02
8.958384000000000000e+06,3.340000000000000000e+02
8.959320000000000000e+06,3.350000000000000000e+02
8.960256000000000000e+06,3.360000000000000000e+02
8.961188000000000000e+06,3.450000000000000000e+02
8.962124000000000000e+06,3.430000000000000000e+02
8.963060000000000000e+06,3.340000000000000000e+02
8.963996000000000000e+06,3.330000000000000000e+02
8.964928000000000000e+06,3.240000000000000000e+02
8.965864000000000000e+06,3.260000000000000000e+02
8.966800000000000000e+06,3.350000000000000000e+02
8.967736000000000000e+06,3.320000000000000000e+02
8.968668000000000000e+06,3.260000000000000000e+02
8.969604000000000000e+06,3.160000000000000000e+02
8.970540000000000000e+06,3.270000000000000000e+02
8.971476000000000000e+06,3.450000000000000000e+02
8.972408000000000000e+06,3.390000000000000000e+02
8.973344000000000000e+06,3.350000000000000000e+02
8.974280000000000000e+06,3.360000000000000000e+02
8.975216000000000000e+06,3.440000000000000000e+02
8.976148000000000000e+06,3.420000000000000000e+02
8.977084000000000000e+06,3.160000000000000000e+02
8.978020000000000000e+06,3.270000000000000000e+02
8.978956000000000000e+06,3.440000000000000000e+02
8.979888000000000000e+06,3.370000000000000000e+02
8.980824000000000000e+06,3.390000000000000000e+02
8.981760000000000000e+06,3.390000000000000000e+02
8.982696000000000000e+06,3.440000000000000000e+02
8.983628000000000000e+06,3.390000000000000000e+02
8.984564000000000000e+06,3.320000000000000000e+02
8.985500000000000000e+06,3.270000000000000000e+02
8.986436000000000000e+06,3.400000000000000000e+02
8.987368000000000000e+06,3.420000000000000000e+02
8.988304000000000000e+06,3.350000000000000000e+02
8.989240000000000000e+06,3.480000000000000000e+02
8.990176000000000000e+06,3.480000000000000000e+02
8.991108000000000000e+06,3.400000000000000000e+02
8.992044000000000000e+06,3.400000000000000000e+02
8.992980000000000000e+06,3.370000000000000000e+02
8.993916000000000000e+06,3.350000000000000000e+02
8.994848000000000000e+06,3.370000000000000000e+02
8.995784000000000000e+06,3.440000000000000000e+02
8.996720000000000000e+06,3.310000000000000000e+02
8.997656000000000000e+06,3.330000000000000000e+02
8.998588000000000000e+06,3.430000000000000000e+02
8.999524000000000000e+06,3.320000000000000000e+02
9.000460000000000000e+06,3.440000000000000000e+02
9.001396000000000000e+06,3.570000000000000000e+02
9.002328000000000000e+06,3.500000000000000000e+02
9.003264000000000000e+06,3.440000000000000000e+02
9.004200000000000000e+06,3.310000000000000000e+02
9.005136000000000000e+06,3.420000000000000000e+02
9.006068000000000000e+06,3.400000000000000000e+02
9.007004000000000000e+06,3.420000000000000000e+02
9.007940000000000000e+06,3.350000000000000000e+02
9.008876000000000000e+06,3.450000000000000000e+02
9.009808000000000000e+06,3.450000000000000000e+02
9.010744000000000000e+06,3.390000000000000000e+02
9.011680000000000000e+06,3.510000000000000000e+02
9.012616000000000000e+06,3.520000000000000000e+02
9.013548000000000000e+06,3.520000000000000000e+02
9.014484000000000000e+06,3.480000000000000000e+02
9.015420000000000000e+06,3.560000000000000000e+02
9.016356000000000000e+06,3.470000000000000000e+02
9.017288000000000000e+06,3.550000000000000000e+02
9.018224000000000000e+06,3.380000000000000000e+02
9.019160000000000000e+06,3.440000000000000000e+02
9.020096000000000000e+06,3.440000000000000000e+02
9.021028000000000000e+06,3.350000000000000000e+02
9.021964000000000000e+06,3.390000000000000000e+02
9.022900000000000000e+06,3.340000000000000000e+02
9.023836000000000000e+06,3.390000000000000000e+02
9.024768000000000000e+06,3.450000000000000000e+02
9.025704000000000000e+06,3.530000000000000000e+02
9.026640000000000000e+06,3.510000000000000000e+02
9.027576000000000000e+06,3.350000000000000000e+02
9.028508000000000000e+06,3.450000000000000000e+02
9.029444000000000000e+06,3.530000000000000000e+02
9.030380000000000000e+06,3.520000000000000000e+02
9.031316000000000000e+06,3.400000000000000000e+02
9.032248000000000000e+06,3.370000000000000000e+02
9.033184000000000000e+06,3.440000000000000000e+02
9.034120000000000000e+06,3.440000000000000000e+02
9.035056000000000000e+06,3.460000000000000000e+02
9.035988000000000000e+06,3.440000000000000000e+02
9.036924000000000000e+06,3.210000000000000000e+02
9.037860000000000000e+06,3.340000000000000000e+02
9.038796000000000000e+06,3.370000000000000000e+02
9.039728000000000000e+06,3.400000000000000000e+02
9.040664000000000000e+06,3.440000000000000000e+02
9.041600000000000000e+06,3.480000000000000000e+02
9.042536000000000000e+06,3.570000000000000000e+02
9.043468000000000000e+06,3.480000000000000000e+02
9.044404000000000000e+06,3.420000000000000000e+02
9.045340000000000000e+06,3.480000000000000000e+02
9.046276000000000000e+06,3.460000000000000000e+02
9.047208000000000000e+06,3.440000000000000000e+02
9.048144000000000000e+06,3.400000000000000000e+02
9.049080000000000000e+06,3.440000000000000000e+02
9.050016000000000000e+06,3.420000000000000000e+02
9.050948000000000000e+06,3.370000000000000000e+02
9.051884000000000000e+06,3.440000000000000000e+02
9.052820000000000000e+06,3.500000000000000000e+02
9.053756000000000000e+06,3.390000000000000000e+02
9.054688000000000000e+06,3.220000000000000000e+02
9.055624000000000000e+06,3.260000000000000000e+02
9.056560000000000000e+06,3.470000000000000000e+02
9.057496000000000000e+06,3.440000000000000000e+02
9.058428000000000000e+06,3.470000000000000000e+02
9.059364000000000000e+06,3.440000000000000000e+02
9.060300000000000000e+06,3.450000000000000000e+02
9.061236000000000000e+06,3.520000000000000000e+02
9.062168000000000000e+06,3.330000000000000000e+02
9.063104000000000000e+06,3.370000000000000000e+02
9.064040000000000000e+06,3.450000000000000000e+02
9.064976000000000000e+06,3.500000000000000000e+02
9.065908000000000000e+06,3.580000000000000000e+02
9.066844000000000000e+06,3.590000000000000000e+02
9.067780000000000000e+06,3.480000000000000000e+02
9.068716000000000000e+06,3.210000000000000000e+02
9.069648000000000000e+06,3.270000000000000000e+02
9.070584000000000000e+06,3.450000000000000000e+02
9.071520000000000000e+06,3.310000000000000000e+02
9.072456000000000000e+06,3.320000000000000000e+02
9.073388000000000000e+06,3.320000000000000000e+02
9.074324000000000000e+06,3.170000000000000000e+02
9.075260000000000000e+06,3.290000000000000000e+02
9.076196000000000000e+06,3.470000000000000000e+02
9.077128000000000000e+06,3.550000000000000000e+02
9.078064000000000000e+06,3.270000000000000000e+02
9.079000000000000000e+06,3.310000000000000000e+02
9.079936000000000000e+06,3.440000000000000000e+02
9.080868000000000000e+06,3.400000000000000000e+02
9.081804000000000000e+06,3.440000000000000000e+02
9.082740000000000000e+06,3.470000000000000000e+02
9.083676000000000000e+06,3.320000000000000000e+02
9.084608000000000000e+06,3.230000000000000000e+02
9.085544000000000000e+06,3.350000000000000000e+02
9.086480000000000000e+06,3.390000000000000000e+02
9.087416000000000000e+06,3.260000000000000000e+02
9.088348000000000000e+06,3.180000000000000000e+02
9.089284000000000000e+06,3.260000000000000000e+02
9.090220000000000000e+06,3.340000000000000000e+02
9.091156000000000000e+06,3.380000000000000000e+02
9.092088000000000000e+06,3.480000000000000000e+02
9.093024000000000000e+06,3.450000000000000000e+02
9.093960000000000000e+06,3.540000000000000000e+02
9.094896000000000000e+06,3.560000000000000000e+02
9.095828000000000000e+06,3.430000000000000000e+02
9.096764000000000000e+06,3.450000000000000000e+02
9.097700000000000000e+06,3.330000000000000000e+02
9.098636000000000000e+06,3.270000000000000000e+02
9.099568000000000000e+06,3.440000000000000000e+02
9.100504000000000000e+06,3.680000000000000000e+02
9.101440000000000000e+06,3.560000000000000000e+02
9.102376000000000000e+06,3.420000000000000000e+02
9.103308000000000000e+06,3.510000000000000000e+02
9.104244000000000000e+06,3.350000000000000000e+02
9.105180000000000000e+06,3.300000000000000000e+02
9.106116000000000000e+06,3.490000000000000000e+02
9.107048000000000000e+06,3.440000000000000000e+02
9.107984000000000000e+06,3.270000000000000000e+02
9.108920000000000000e+06,3.640000000000000000e+02
9.109856000000000000e+06,3.770000000000000000e+02
9.110788000000000000e+06,3.810000000000000000e+02
9.111724000000000000e+06,3.570000000000000000e+02
9.112660000000000000e+06,3.520000000000000000e+02
9.113596000000000000e+06,3.390000000000000000e+02
9.114528000000000000e+06,3.390000000000000000e+02
9.115464000000000000e+06,3.620000000000000000e+02
9.116400000000000000e+06,3.570000000000000000e+02
9.117336000000000000e+06,3.520000000000000000e+02
9.118268000000000000e+06,3.750000000000000000e+02
9.119204000000000000e+06,3.510000000000000000e+02
9.120140000000000000e+06,3.520000000000000000e+02
9.121076000000000000e+06,3.520000000000000000e+02
9.122008000000000000e+06,3.410000000000000000e+02
9.122944000000000000e+06,3.440000000000000000e+02
9.123880000000000000e+06,3.480000000000000000e+02
9.124816000000000000e+06,3.340000000000000000e+02
9.125748000000000000e+06,3.270000000000000000e+02
9.126684000000000000e+06,3.440000000000000000e+02
9.127620000000000000e+06,3.550000000000000000e+02
9.128556000000000000e+06,3.400000000000000000e+02
9.129488000000000000e+06,3.180000000000000000e+02
9.130424000000000000e+06,3.350000000000000000e+02
9.131360000000000000e+06,3.320000000000000000e+02
9.132296000000000000e+06,3.270000000000000000e+02
9.133228000000000000e+06,3.340000000000000000e+02
9.134164000000000000e+06,3.350000000000000000e+02
9.135100000000000000e+06,3.340000000000000000e+02
9.136036000000000000e+06,3.280000000000000000e+02
9.136968000000000000e+06,3.370000000000000000e+02
9.137904000000000000e+06,3.390000000000000000e+02
9.138840000000000000e+06,3.230000000000000000e+02
9.139776000000000000e+06,3.080000000000000000e+02
9.140708000000000000e+06,2.840000000000000000e+02
9.141644000000000000e+06,3.260000000000000000e+02
9.142580000000000000e+06,3.500000000000000000e+02
9.143516000000000000e+06,3.270000000000000000e+02
9.144448000000000000e+06,3.180000000000000000e+02
9.145384000000000000e+06,3.310000000000000000e+02
9.146320000000000000e+06,3.210000000000000000e+02
9.147256000000000000e+06,3.240000000000000000e+02
9.148188000000000000e+06,3.560000000000000000e+02
9.149124000000000000e+06,3.420000000000000000e+02
9.150060000000000000e+06,3.390000000000000000e+02
9.150996000000000000e+06,3.380000000000000000e+02
9.151928000000000000e+06,3.430000000000000000e+02
9.152864000000000000e+06,3.510000000000000000e+02
9.153800000000000000e+06,3.430000000000000000e+02
9.154736000000000000e+06,3.320000000000000000e+02
9.155668000000000000e+06,3.210000000000000000e+02
9.156604000000000000e+06,3.270000000000000000e+02
9.157540000000000000e+06,3.320000000000000000e+02
9.158476000000000000e+06,3.500000000000000000e+02
9.159408000000000000e+06,3.440000000000000000e+02
9.160344000000000000e+06,3.270000000000000000e+02
9.161280000000000000e+06,3.210000000000000000e+02
9.162216000000000000e+06,3.500000000000000000e+02
9.163148000000000000e+06,3.670000000000000000e+02
9.164084000000000000e+06,3.440000000000000000e+02
9.165020000000000000e+06,3.240000000000000000e+02
9.165956000000000000e+06,3.170000000000000000e+02
9.166888000000000000e+06,3.190000000000000000e+02
9.167824000000000000e+06,3.360000000000000000e+02
9.168760000000000000e+06,3.440000000000000000e+02
9.169696000000000000e+06,3.270000000000000000e+02
9.170628000000000000e+06,3.190000000000000000e+02
9.171564000000000000e+06,3.180000000000000000e+02
9.172500000000000000e+06,3.210000000000000000e+02
9.173436000000000000e+06,3.440000000000000000e+02
9.174368000000000000e+06,3.350000000000000000e+02
9.175304000000000000e+06,3.160000000000000000e+02
9.176240000000000000e+06,3.190000000000000000e+02
9.177176000000000000e+06,3.580000000000000000e+02
9.178108000000000000e+06,3.520000000000000000e+02
9.179044000000000000e+06,3.370000000000000000e+02
9.179980000000000000e+06,3.440000000000000000e+02
9.180916000000000000e+06,3.420000000000000000e+02
9.181848000000000000e+06,3.350000000000000000e+02
9.182784000000000000e+06,3.340000000000000000e+02
9.183720000000000000e+06,3.400000000000000000e+02
9.184656000000000000e+06,3.580000000000000000e+02
9.185588000000000000e+06,3.500000000000000000e+02
9.186524000000000000e+06,3.460000000000000000e+02
9.187460000000000000e+06,3.390000000000000000e+02
9.188396000000000000e+06,3.580000000000000000e+02
9.189328000000000000e+06,3.390000000000000000e+02
9.190264000000000000e+06,3.390000000000000000e+02
9.191200000000000000e+06,3.390000000000000000e+02
9.192136000000000000e+06,3.350000000000000000e+02
9.193068000000000000e+06,3.490000000000000000e+02
9.194004000000000000e+06,3.690000000000000000e+02
9.194940000000000000e+06,3.590000000000000000e+02
9.195876000000000000e+06,3.460000000000000000e+02
9.196808000000000000e+06,3.320000000000000000e+02
9.197744000000000000e+06,3.120000000000000000e+02
9.198680000000000000e+06,3.270000000000000000e+02
9.199616000000000000e+06,3.450000000000000000e+02
9.200548000000000000e+06,3.350000000000000000e+02
9.201484000000000000e+06,3.460000000000000000e+02
9.202420000000000000e+06,3.630000000000000000e+02
9.203356000000000000e+06,3.750000000000000000e+02
9.204288000000000000e+06,3.690000000000000000e+02
9.205224000000000000e+06,3.440000000000000000e+02
9.206160000000000000e+06,3.120000000000000000e+02
9.207096000000000000e+06,3.080000000000000000e+02
9.208028000000000000e+06,3.210000000000000000e+02
9.208964000000000000e+06,3.340000000000000000e+02
9.209900000000000000e+06,3.270000000000000000e+02
9.210836000000000000e+06,3.350000000000000000e+02
9.211768000000000000e+06,3.430000000000000000e+02
9.212704000000000000e+06,3.460000000000000000e+02
9.213640000000000000e+06,3.440000000000000000e+02
9.214576000000000000e+06,3.360000000000000000e+02
9.215508000000000000e+06,3.370000000000000000e+02
9.216444000000000000e+06,3.370000000000000000e+02
9.217380000000000000e+06,3.350000000000000000e+02
9.218316000000000000e+06,3.270000000000000000e+02
9.219248000000000000e+06,3.230000000000000000e+02
9.220184000000000000e+06,3.340000000000000000e+02
9.221124000000000000e+06,3.470000000000000000e+02
9.222056000000000000e+06,3.450000000000000000e+02
9.222988000000000000e+06,3.420000000000000000e+02
9.223924000000000000e+06,3.420000000000000000e+02
9.224860000000000000e+06,3.500000000000000000e+02
9.225796000000000000e+06,3.420000000000000000e+02
9.226728000000000000e+06,3.230000000000000000e+02
9.227664000000000000e+06,3.290000000000000000e+02
9.228600000000000000e+06,3.390000000000000000e+02
9.229536000000000000e+06,3.370000000000000000e+02
9.230468000000000000e+06,3.440000000000000000e+02
9.231404000000000000e+06,3.310000000000000000e+02
9.232340000000000000e+06,3.390000000000000000e+02
9.233276000000000000e+06,3.440000000000000000e+02
9.234208000000000000e+06,3.450000000000000000e+02
9.235144000000000000e+06,3.350000000000000000e+02
9.236080000000000000e+06,3.340000000000000000e+02
9.237016000000000000e+06,3.340000000000000000e+02
9.237948000000000000e+06,3.210000000000000000e+02
9.238884000000000000e+06,3.360000000000000000e+02
9.239820000000000000e+06,3.370000000000000000e+02
9.240756000000000000e+06,3.130000000000000000e+02
9.241688000000000000e+06,3.110000000000000000e+02
9.242632000000000000e+06,3.320000000000000000e+02
9.243560000000000000e+06,3.270000000000000000e+02
9.244496000000000000e+06,3.320000000000000000e+02
9.245428000000000000e+06,3.310000000000000000e+02
9.246364000000000000e+06,3.500000000000000000e+02
9.247300000000000000e+06,3.450000000000000000e+02
9.248236000000000000e+06,3.310000000000000000e+02
9.249168000000000000e+06,3.160000000000000000e+02
9.250104000000000000e+06,3.320000000000000000e+02
9.251040000000000000e+06,3.310000000000000000e+02
9.251976000000000000e+06,3.180000000000000000e+02
9.252908000000000000e+06,3.260000000000000000e+02
9.253844000000000000e+06,3.340000000000000000e+02
9.254780000000000000e+06,3.330000000000000000e+02
9.255716000000000000e+06,3.250000000000000000e+02
9.256648000000000000e+06,3.100000000000000000e+02
9.257584000000000000e+06,3.230000000000000000e+02
9.258520000000000000e+06,3.390000000000000000e+02
9.259456000000000000e+06,3.560000000000000000e+02
9.260388000000000000e+06,3.550000000000000000e+02
9.261324000000000000e+06,3.340000000000000000e+02
9.262260000000000000e+06,3.290000000000000000e+02
9.263196000000000000e+06,3.270000000000000000e+02
9.264136000000000000e+06,3.260000000000000000e+02
9.265064000000000000e+06,3.270000000000000000e+02
9.266000000000000000e+06,3.240000000000000000e+02
9.266936000000000000e+06,3.290000000000000000e+02
9.267868000000000000e+06,3.200000000000000000e+02
9.268804000000000000e+06,3.360000000000000000e+02
9.269740000000000000e+06,3.350000000000000000e+02
9.270676000000000000e+06,3.290000000000000000e+02
9.271608000000000000e+06,3.330000000000000000e+02
9.272544000000000000e+06,3.320000000000000000e+02
9.273480000000000000e+06,3.350000000000000000e+02
9.274416000000000000e+06,3.370000000000000000e+02
9.275348000000000000e+06,3.370000000000000000e+02
9.276284000000000000e+06,3.330000000000000000e+02
9.277220000000000000e+06,3.300000000000000000e+02
9.278156000000000000e+06,3.390000000000000000e+02
9.279088000000000000e+06,3.440000000000000000e+02
9.280024000000000000e+06,3.370000000000000000e+02
9.280960000000000000e+06,3.320000000000000000e+02
9.281896000000000000e+06,3.270000000000000000e+02
9.282828000000000000e+06,3.420000000000000000e+02
9.283764000000000000e+06,3.420000000000000000e+02
9.284700000000000000e+06,3.400000000000000000e+02
9.285640000000000000e+06,3.390000000000000000e+02
9.286568000000000000e+06,3.430000000000000000e+02
9.287504000000000000e+06,3.330000000000000000e+02
9.288440000000000000e+06,3.370000000000000000e+02
9.289376000000000000e+06,3.390000000000000000e+02
9.290308000000000000e+06,3.390000000000000000e+02
9.291244000000000000e+06,3.390000000000000000e+02
9.292180000000000000e+06,3.400000000000000000e+02
9.293116000000000000e+06,3.370000000000000000e+02
9.294048000000000000e+06,3.400000000000000000e+02
9.294984000000000000e+06,3.390000000000000000e+02
9.295920000000000000e+06,3.350000000000000000e+02
9.296856000000000000e+06,3.370000000000000000e+02
9.297788000000000000e+06,3.350000000000000000e+02
9.298724000000000000e+06,3.350000000000000000e+02
9.299660000000000000e+06,3.390000000000000000e+02
9.300596000000000000e+06,3.350000000000000000e+02
9.301528000000000000e+06,3.380000000000000000e+02
9.302464000000000000e+06,3.420000000000000000e+02
9.303400000000000000e+06,3.350000000000000000e+02
9.304336000000000000e+06,3.370000000000000000e+02
9.305268000000000000e+06,3.420000000000000000e+02
9.306204000000000000e+06,3.470000000000000000e+02
9.307144000000000000e+06,3.360000000000000000e+02
9.308076000000000000e+06,3.360000000000000000e+02
9.309008000000000000e+06,3.400000000000000000e+02
9.309944000000000000e+06,3.400000000000000000e+02
9.310880000000000000e+06,3.400000000000000000e+02
9.311816000000000000e+06,3.390000000000000000e+02
9.312748000000000000e+06,3.350000000000000000e+02
9.313684000000000000e+06,3.390000000000000000e+02
9.314620000000000000e+06,3.430000000000000000e+02
9.315556000000000000e+06,3.370000000000000000e+02
9.316488000000000000e+06,3.320000000000000000e+02
9.317424000000000000e+06,3.350000000000000000e+02
9.318360000000000000e+06,3.350000000000000000e+02
9.319296000000000000e+06,3.470000000000000000e+02
9.320228000000000000e+06,3.430000000000000000e+02
9.321164000000000000e+06,3.420000000000000000e+02
9.322100000000000000e+06,3.440000000000000000e+02
9.323036000000000000e+06,3.450000000000000000e+02
9.323968000000000000e+06,3.360000000000000000e+02
9.324904000000000000e+06,3.480000000000000000e+02
9.325840000000000000e+06,3.440000000000000000e+02
9.326776000000000000e+06,3.330000000000000000e+02
9.327708000000000000e+06,3.290000000000000000e+02
9.328652000000000000e+06,3.440000000000000000e+02
9.329580000000000000e+06,3.420000000000000000e+02
9.330516000000000000e+06,3.420000000000000000e+02
9.331448000000000000e+06,3.320000000000000000e+02
9.332384000000000000e+06,3.370000000000000000e+02
9.333320000000000000e+06,3.340000000000000000e+02
9.334256000000000000e+06,3.350000000000000000e+02
9.335188000000000000e+06,3.410000000000000000e+02
9.336124000000000000e+06,3.390000000000000000e+02
9.337060000000000000e+06,3.440000000000000000e+02
9.337996000000000000e+06,3.370000000000000000e+02
9.338928000000000000e+06,3.430000000000000000e+02
9.339864000000000000e+06,3.400000000000000000e+02
9.340800000000000000e+06,3.390000000000000000e+02
9.341736000000000000e+06,3.420000000000000000e+02
9.342668000000000000e+06,3.400000000000000000e+02
9.343604000000000000e+06,3.380000000000000000e+02
9.344540000000000000e+06,3.350000000000000000e+02
9.345476000000000000e+06,3.390000000000000000e+02
9.346408000000000000e+06,3.310000000000000000e+02
9.347344000000000000e+06,3.420000000000000000e+02
9.348280000000000000e+06,3.390000000000000000e+02
9.349216000000000000e+06,3.440000000000000000e+02
9.350156000000000000e+06,3.400000000000000000e+02
9.351084000000000000e+06,3.390000000000000000e+02
9.352020000000000000e+06,3.390000000000000000e+02
9.352956000000000000e+06,3.390000000000000000e+02
9.353888000000000000e+06,3.390000000000000000e+02
9.354824000000000000e+06,3.420000000000000000e+02
9.355760000000000000e+06,3.350000000000000000e+02
9.356696000000000000e+06,3.220000000000000000e+02
9.357628000000000000e+06,3.400000000000000000e+02
9.358564000000000000e+06,3.410000000000000000e+02
9.359500000000000000e+06,3.420000000000000000e+02
9.360436000000000000e+06,3.450000000000000000e+02
9.361368000000000000e+06,3.390000000000000000e+02
9.362304000000000000e+06,3.350000000000000000e+02
9.363240000000000000e+06,3.350000000000000000e+02
9.364176000000000000e+06,3.390000000000000000e+02
9.365108000000000000e+06,3.350000000000000000e+02
9.366044000000000000e+06,3.360000000000000000e+02
9.366980000000000000e+06,3.410000000000000000e+02
9.367916000000000000e+06,3.350000000000000000e+02
9.368848000000000000e+06,3.380000000000000000e+02
9.369784000000000000e+06,3.370000000000000000e+02
9.370720000000000000e+06,3.350000000000000000e+02
9.371660000000000000e+06,3.420000000000000000e+02
9.372588000000000000e+06,3.350000000000000000e+02
9.373524000000000000e+06,3.350000000000000000e+02
9.375396000000000000e+06,3.420000000000000000e+02
9.376328000000000000e+06,3.490000000000000000e+02
9.377264000000000000e+06,3.440000000000000000e+02
9.378200000000000000e+06,3.480000000000000000e+02
9.379136000000000000e+06,3.440000000000000000e+02
9.380068000000000000e+06,3.390000000000000000e+02
9.381004000000000000e+06,3.400000000000000000e+02
9.381940000000000000e+06,3.440000000000000000e+02
9.382876000000000000e+06,3.420000000000000000e+02
9.383808000000000000e+06,3.480000000000000000e+02
9.384744000000000000e+06,3.520000000000000000e+02
9.385680000000000000e+06,3.480000000000000000e+02
9.386616000000000000e+06,3.470000000000000000e+02
9.387548000000000000e+06,3.350000000000000000e+02
9.388484000000000000e+06,3.470000000000000000e+02
9.389420000000000000e+06,3.430000000000000000e+02
9.390356000000000000e+06,3.420000000000000000e+02
9.391288000000000000e+06,3.470000000000000000e+02
9.392224000000000000e+06,3.470000000000000000e+02
9.393164000000000000e+06,3.570000000000000000e+02
9.394096000000000000e+06,3.530000000000000000e+02
9.395028000000000000e+06,3.480000000000000000e+02
9.395964000000000000e+06,3.520000000000000000e+02
9.396900000000000000e+06,3.440000000000000000e+02
9.397836000000000000e+06,3.290000000000000000e+02
9.398768000000000000e+06,3.350000000000000000e+02
9.399704000000000000e+06,3.380000000000000000e+02
9.400640000000000000e+06,3.400000000000000000e+02
9.401576000000000000e+06,3.470000000000000000e+02
9.402508000000000000e+06,3.440000000000000000e+02
9.403444000000000000e+06,3.440000000000000000e+02
9.404380000000000000e+06,3.430000000000000000e+02
9.405316000000000000e+06,3.480000000000000000e+02
9.406248000000000000e+06,3.440000000000000000e+02
9.407184000000000000e+06,3.400000000000000000e+02
9.408120000000000000e+06,3.420000000000000000e+02
9.409056000000000000e+06,3.440000000000000000e+02
9.409988000000000000e+06,3.430000000000000000e+02
9.410924000000000000e+06,3.420000000000000000e+02
9.411860000000000000e+06,3.440000000000000000e+02
9.412796000000000000e+06,3.460000000000000000e+02
9.413728000000000000e+06,3.350000000000000000e+02
9.414672000000000000e+06,3.450000000000000000e+02
9.415600000000000000e+06,3.440000000000000000e+02
9.416536000000000000e+06,3.510000000000000000e+02
9.417468000000000000e+06,3.390000000000000000e+02
9.418404000000000000e+06,3.360000000000000000e+02
9.419340000000000000e+06,3.410000000000000000e+02
9.420276000000000000e+06,3.390000000000000000e+02
9.421208000000000000e+06,3.440000000000000000e+02
9.422144000000000000e+06,3.450000000000000000e+02
9.423080000000000000e+06,3.420000000000000000e+02
9.424016000000000000e+06,3.480000000000000000e+02
9.424948000000000000e+06,3.460000000000000000e+02
9.425884000000000000e+06,3.400000000000000000e+02
9.426820000000000000e+06,3.440000000000000000e+02
9.427756000000000000e+06,3.430000000000000000e+02
9.428688000000000000e+06,3.430000000000000000e+02
9.429624000000000000e+06,3.430000000000000000e+02
9.430560000000000000e+06,3.420000000000000000e+02
9.431496000000000000e+06,3.420000000000000000e+02
9.432428000000000000e+06,3.440000000000000000e+02
9.433364000000000000e+06,3.440000000000000000e+02
9.434300000000000000e+06,3.480000000000000000e+02
9.435236000000000000e+06,3.440000000000000000e+02
9.436176000000000000e+06,3.530000000000000000e+02
9.437104000000000000e+06,3.350000000000000000e+02
9.438040000000000000e+06,3.520000000000000000e+02
9.438976000000000000e+06,3.400000000000000000e+02
9.440844000000000000e+06,3.470000000000000000e+02
9.441780000000000000e+06,3.480000000000000000e+02
9.442716000000000000e+06,3.520000000000000000e+02
9.443648000000000000e+06,3.440000000000000000e+02
9.444584000000000000e+06,3.420000000000000000e+02
9.445520000000000000e+06,3.390000000000000000e+02
9.446456000000000000e+06,3.390000000000000000e+02
9.447388000000000000e+06,3.460000000000000000e+02
9.448324000000000000e+06,3.500000000000000000e+02
9.449260000000000000e+06,3.450000000000000000e+02
9.450196000000000000e+06,3.420000000000000000e+02
9.451128000000000000e+06,3.400000000000000000e+02
9.452064000000000000e+06,3.400000000000000000e+02
9.453000000000000000e+06,3.470000000000000000e+02
9.453936000000000000e+06,3.500000000000000000e+02
9.454868000000000000e+06,3.440000000000000000e+02
9.455804000000000000e+06,3.370000000000000000e+02
9.456740000000000000e+06,3.480000000000000000e+02
9.457680000000000000e+06,3.430000000000000000e+02
9.458608000000000000e+06,3.440000000000000000e+02
9.459544000000000000e+06,3.440000000000000000e+02
9.460480000000000000e+06,3.440000000000000000e+02
9.461416000000000000e+06,3.400000000000000000e+02
9.462348000000000000e+06,3.430000000000000000e+02
9.463284000000000000e+06,3.440000000000000000e+02
9.464220000000000000e+06,3.480000000000000000e+02
9.465156000000000000e+06,3.440000000000000000e+02
9.466088000000000000e+06,3.440000000000000000e+02
9.467024000000000000e+06,3.420000000000000000e+02
9.467960000000000000e+06,3.390000000000000000e+02
9.468896000000000000e+06,3.450000000000000000e+02
9.469828000000000000e+06,3.390000000000000000e+02
9.470764000000000000e+06,3.400000000000000000e+02
9.471700000000000000e+06,3.390000000000000000e+02
9.472636000000000000e+06,3.390000000000000000e+02
9.473568000000000000e+06,3.420000000000000000e+02
9.474504000000000000e+06,3.430000000000000000e+02
9.475440000000000000e+06,3.400000000000000000e+02
9.476376000000000000e+06,3.390000000000000000e+02
9.477308000000000000e+06,3.480000000000000000e+02
9.478244000000000000e+06,3.460000000000000000e+02
9.479184000000000000e+06,3.440000000000000000e+02
9.480116000000000000e+06,3.480000000000000000e+02
9.481048000000000000e+06,3.450000000000000000e+02
9.481984000000000000e+06,3.470000000000000000e+02
9.482920000000000000e+06,3.450000000000000000e+02
9.483856000000000000e+06,3.450000000000000000e+02
9.484788000000000000e+06,3.480000000000000000e+02
9.485724000000000000e+06,3.490000000000000000e+02
9.486660000000000000e+06,3.440000000000000000e+02
9.487596000000000000e+06,3.470000000000000000e+02
9.488528000000000000e+06,3.520000000000000000e+02
9.489464000000000000e+06,3.420000000000000000e+02
9.490400000000000000e+06,3.520000000000000000e+02
9.491336000000000000e+06,3.440000000000000000e+02
9.492268000000000000e+06,3.480000000000000000e+02
9.493204000000000000e+06,3.440000000000000000e+02
9.494140000000000000e+06,3.400000000000000000e+02
9.495076000000000000e+06,3.480000000000000000e+02
9.496008000000000000e+06,3.450000000000000000e+02
9.496944000000000000e+06,3.430000000000000000e+02
9.497880000000000000e+06,3.480000000000000000e+02
9.498816000000000000e+06,3.470000000000000000e+02
9.499748000000000000e+06,3.440000000000000000e+02
9.500692000000000000e+06,3.450000000000000000e+02
9.501620000000000000e+06,3.480000000000000000e+02
9.502556000000000000e+06,3.470000000000000000e+02
9.503488000000000000e+06,3.480000000000000000e+02
9.504424000000000000e+06,3.480000000000000000e+02
9.506296000000000000e+06,3.470000000000000000e+02
9.507228000000000000e+06,3.490000000000000000e+02
9.508164000000000000e+06,3.550000000000000000e+02
9.509100000000000000e+06,3.400000000000000000e+02
9.510036000000000000e+06,3.470000000000000000e+02
9.510968000000000000e+06,3.430000000000000000e+02
9.511904000000000000e+06,3.470000000000000000e+02
9.512840000000000000e+06,3.470000000000000000e+02
9.513776000000000000e+06,3.430000000000000000e+02
9.514708000000000000e+06,3.450000000000000000e+02
9.515644000000000000e+06,3.450000000000000000e+02
9.516580000000000000e+06,3.520000000000000000e+02
9.517516000000000000e+06,3.440000000000000000e+02
9.518448000000000000e+06,3.450000000000000000e+02
9.519384000000000000e+06,3.480000000000000000e+02
9.520320000000000000e+06,3.420000000000000000e+02
9.521256000000000000e+06,3.440000000000000000e+02
9.522196000000000000e+06,3.440000000000000000e+02
9.523124000000000000e+06,3.470000000000000000e+02
9.524060000000000000e+06,3.480000000000000000e+02
9.524996000000000000e+06,3.500000000000000000e+02
9.525928000000000000e+06,3.420000000000000000e+02
9.526864000000000000e+06,3.420000000000000000e+02
9.527800000000000000e+06,3.510000000000000000e+02
9.528736000000000000e+06,3.420000000000000000e+02
9.529668000000000000e+06,3.440000000000000000e+02
9.530604000000000000e+06,3.460000000000000000e+02
9.531540000000000000e+06,3.430000000000000000e+02
9.532476000000000000e+06,3.470000000000000000e+02
9.533408000000000000e+06,3.480000000000000000e+02
9.534344000000000000e+06,3.420000000000000000e+02
9.535280000000000000e+06,3.470000000000000000e+02
9.536216000000000000e+06,3.470000000000000000e+02
9.537148000000000000e+06,3.590000000000000000e+02
9.538084000000000000e+06,3.520000000000000000e+02
9.539020000000000000e+06,3.500000000000000000e+02
9.539956000000000000e+06,3.420000000000000000e+02
9.540888000000000000e+06,3.480000000000000000e+02
9.541824000000000000e+06,3.450000000000000000e+02
9.542760000000000000e+06,3.420000000000000000e+02
9.543700000000000000e+06,3.480000000000000000e+02
9.544628000000000000e+06,3.500000000000000000e+02
9.545564000000000000e+06,3.410000000000000000e+02
9.546500000000000000e+06,3.450000000000000000e+02
9.547436000000000000e+06,3.440000000000000000e+02
9.548368000000000000e+06,3.430000000000000000e+02
9.549304000000000000e+06,3.440000000000000000e+02
9.550240000000000000e+06,3.480000000000000000e+02
9.551176000000000000e+06,3.420000000000000000e+02
9.552108000000000000e+06,3.470000000000000000e+02
9.553044000000000000e+06,3.480000000000000000e+02
9.553980000000000000e+06,3.440000000000000000e+02
9.554916000000000000e+06,3.470000000000000000e+02
9.555848000000000000e+06,3.440000000000000000e+02
9.556784000000000000e+06,3.480000000000000000e+02
9.557720000000000000e+06,3.550000000000000000e+02
9.558656000000000000e+06,3.440000000000000000e+02
9.559588000000000000e+06,3.450000000000000000e+02
9.560524000000000000e+06,3.420000000000000000e+02
9.561460000000000000e+06,3.460000000000000000e+02
9.562396000000000000e+06,3.450000000000000000e+02
9.563328000000000000e+06,3.480000000000000000e+02
9.564264000000000000e+06,3.420000000000000000e+02
9.565204000000000000e+06,3.440000000000000000e+02
9.566136000000000000e+06,3.410000000000000000e+02
9.567068000000000000e+06,3.440000000000000000e+02
9.568004000000000000e+06,3.480000000000000000e+02
9.568940000000000000e+06,3.450000000000000000e+02
9.569876000000000000e+06,3.470000000000000000e+02
9.570808000000000000e+06,3.430000000000000000e+02
9.571744000000000000e+06,3.450000000000000000e+02
9.572680000000000000e+06,3.430000000000000000e+02
9.573616000000000000e+06,3.500000000000000000e+02
9.574548000000000000e+06,3.420000000000000000e+02
9.575484000000000000e+06,3.430000000000000000e+02
9.576420000000000000e+06,3.440000000000000000e+02
9.577356000000000000e+06,3.480000000000000000e+02
9.578288000000000000e+06,3.470000000000000000e+02
9.579224000000000000e+06,3.480000000000000000e+02
9.580160000000000000e+06,3.440000000000000000e+02
9.581096000000000000e+06,3.420000000000000000e+02
9.582028000000000000e+06,3.390000000000000000e+02
9.582964000000000000e+06,3.440000000000000000e+02
9.583900000000000000e+06,3.480000000000000000e+02
9.584836000000000000e+06,3.490000000000000000e+02
9.585768000000000000e+06,3.480000000000000000e+02
9.586708000000000000e+06,3.500000000000000000e+02
9.587640000000000000e+06,3.390000000000000000e+02
9.588576000000000000e+06,3.490000000000000000e+02
9.589508000000000000e+06,3.420000000000000000e+02
9.590444000000000000e+06,3.440000000000000000e+02
9.591380000000000000e+06,3.430000000000000000e+02
9.592316000000000000e+06,3.430000000000000000e+02
9.593248000000000000e+06,3.450000000000000000e+02
9.594184000000000000e+06,3.480000000000000000e+02
9.595120000000000000e+06,3.430000000000000000e+02
9.596056000000000000e+06,3.370000000000000000e+02
9.596988000000000000e+06,3.390000000000000000e+02
9.597924000000000000e+06,3.320000000000000000e+02
9.598860000000000000e+06,3.440000000000000000e+02
9.599796000000000000e+06,3.400000000000000000e+02
9.600728000000000000e+06,3.450000000000000000e+02
9.601664000000000000e+06,3.460000000000000000e+02
9.602600000000000000e+06,3.480000000000000000e+02
9.603536000000000000e+06,3.470000000000000000e+02
9.604468000000000000e+06,3.450000000000000000e+02
9.605404000000000000e+06,3.470000000000000000e+02
9.606340000000000000e+06,3.390000000000000000e+02
9.607276000000000000e+06,3.420000000000000000e+02
9.608212000000000000e+06,3.440000000000000000e+02
9.609144000000000000e+06,3.480000000000000000e+02
9.610080000000000000e+06,3.440000000000000000e+02
9.611016000000000000e+06,3.400000000000000000e+02
9.611948000000000000e+06,3.450000000000000000e+02
9.612884000000000000e+06,3.430000000000000000e+02
9.613820000000000000e+06,3.470000000000000000e+02
9.614756000000000000e+06,3.400000000000000000e+02
9.615688000000000000e+06,3.440000000000000000e+02
9.616624000000000000e+06,3.480000000000000000e+02
9.617560000000000000e+06,3.480000000000000000e+02
9.618496000000000000e+06,3.390000000000000000e+02
9.619428000000000000e+06,3.460000000000000000e+02
9.620364000000000000e+06,3.450000000000000000e+02
9.621300000000000000e+06,3.440000000000000000e+02
9.622236000000000000e+06,3.460000000000000000e+02
9.623168000000000000e+06,3.450000000000000000e+02
9.624104000000000000e+06,3.440000000000000000e+02
9.625040000000000000e+06,3.400000000000000000e+02
9.625976000000000000e+06,3.440000000000000000e+02
9.626908000000000000e+06,3.500000000000000000e+02
9.627844000000000000e+06,3.430000000000000000e+02
9.628780000000000000e+06,3.440000000000000000e+02
9.629716000000000000e+06,3.480000000000000000e+02
9.630648000000000000e+06,3.440000000000000000e+02
9.631584000000000000e+06,3.440000000000000000e+02
9.632520000000000000e+06,3.390000000000000000e+02
9.633456000000000000e+06,3.440000000000000000e+02
9.634388000000000000e+06,3.420000000000000000e+02
9.635324000000000000e+06,3.390000000000000000e+02
9.636260000000000000e+06,3.360000000000000000e+02
9.637196000000000000e+06,3.320000000000000000e+02
9.638128000000000000e+06,3.490000000000000000e+02
9.639064000000000000e+06,3.470000000000000000e+02
9.640000000000000000e+06,3.450000000000000000e+02
9.640936000000000000e+06,3.420000000000000000e+02
9.641868000000000000e+06,3.440000000000000000e+02
9.642804000000000000e+06,3.420000000000000000e+02
9.643740000000000000e+06,3.440000000000000000e+02
9.644676000000000000e+06,3.430000000000000000e+02
9.645608000000000000e+06,3.430000000000000000e+02
9.646544000000000000e+06,3.440000000000000000e+02
9.647480000000000000e+06,3.440000000000000000e+02
9.648416000000000000e+06,3.390000000000000000e+02
9.649348000000000000e+06,3.450000000000000000e+02
9.650284000000000000e+06,3.440000000000000000e+02
9.651220000000000000e+06,3.370000000000000000e+02
9.652156000000000000e+06,3.480000000000000000e+02
9.653088000000000000e+06,3.480000000000000000e+02
9.654024000000000000e+06,3.490000000000000000e+02
9.654960000000000000e+06,3.440000000000000000e+02
9.655896000000000000e+06,3.310000000000000000e+02
9.656828000000000000e+06,3.400000000000000000e+02
9.657764000000000000e+06,3.520000000000000000e+02
9.658700000000000000e+06,3.440000000000000000e+02
9.659636000000000000e+06,3.440000000000000000e+02
9.660568000000000000e+06,3.440000000000000000e+02
9.661504000000000000e+06,3.400000000000000000e+02
9.662440000000000000e+06,3.420000000000000000e+02
9.663376000000000000e+06,3.430000000000000000e+02
9.664308000000000000e+06,3.450000000000000000e+02
9.665244000000000000e+06,3.440000000000000000e+02
9.666180000000000000e+06,3.320000000000000000e+02
9.667116000000000000e+06,3.480000000000000000e+02
9.668048000000000000e+06,3.450000000000000000e+02
9.668984000000000000e+06,3.440000000000000000e+02
9.669920000000000000e+06,3.430000000000000000e+02
9.670856000000000000e+06,3.430000000000000000e+02
9.671788000000000000e+06,3.430000000000000000e+02
9.672724000000000000e+06,3.470000000000000000e+02
9.673660000000000000e+06,3.370000000000000000e+02
9.674596000000000000e+06,3.470000000000000000e+02
9.675528000000000000e+06,3.400000000000000000e+02
9.676464000000000000e+06,3.440000000000000000e+02
9.677400000000000000e+06,3.420000000000000000e+02
9.678336000000000000e+06,3.430000000000000000e+02
9.679268000000000000e+06,3.420000000000000000e+02
9.680204000000000000e+06,3.440000000000000000e+02
9.681140000000000000e+06,3.390000000000000000e+02
9.682076000000000000e+06,3.450000000000000000e+02
9.683008000000000000e+06,3.390000000000000000e+02
9.683944000000000000e+06,3.410000000000000000e+02
9.684880000000000000e+06,3.390000000000000000e+02
9.685816000000000000e+06,3.430000000000000000e+02
9.686748000000000000e+06,3.350000000000000000e+02
9.687684000000000000e+06,3.390000000000000000e+02
9.688620000000000000e+06,3.440000000000000000e+02
9.689556000000000000e+06,3.390000000000000000e+02
9.690488000000000000e+06,3.430000000000000000e+02
9.691424000000000000e+06,3.390000000000000000e+02
9.692360000000000000e+06,3.390000000000000000e+02
9.693296000000000000e+06,3.440000000000000000e+02
9.694228000000000000e+06,3.440000000000000000e+02
9.695164000000000000e+06,3.440000000000000000e+02
9.696100000000000000e+06,3.350000000000000000e+02
9.697036000000000000e+06,3.410000000000000000e+02
9.697968000000000000e+06,3.450000000000000000e+02
9.698904000000000000e+06,3.470000000000000000e+02
9.699840000000000000e+06,3.390000000000000000e+02
9.700776000000000000e+06,3.380000000000000000e+02
9.701708000000000000e+06,3.420000000000000000e+02
9.702644000000000000e+06,3.430000000000000000e+02
9.703580000000000000e+06,3.450000000000000000e+02
9.704516000000000000e+06,3.450000000000000000e+02
9.705448000000000000e+06,3.350000000000000000e+02
9.706384000000000000e+06,3.470000000000000000e+02
9.707320000000000000e+06,3.400000000000000000e+02
9.708256000000000000e+06,3.440000000000000000e+02
9.709188000000000000e+06,3.440000000000000000e+02
9.710124000000000000e+06,3.410000000000000000e+02
9.711060000000000000e+06,3.440000000000000000e+02
9.711996000000000000e+06,3.350000000000000000e+02
9.712928000000000000e+06,3.380000000000000000e+02
9.713864000000000000e+06,3.380000000000000000e+02
9.714800000000000000e+06,3.390000000000000000e+02
9.715736000000000000e+06,3.430000000000000000e+02
9.716668000000000000e+06,3.440000000000000000e+02
9.717604000000000000e+06,3.400000000000000000e+02
9.718540000000000000e+06,3.430000000000000000e+02
9.719476000000000000e+06,3.420000000000000000e+02
9.720408000000000000e+06,3.370000000000000000e+02
9.721344000000000000e+06,3.410000000000000000e+02
9.722280000000000000e+06,3.410000000000000000e+02
9.723216000000000000e+06,3.400000000000000000e+02
9.724148000000000000e+06,3.380000000000000000e+02
9.725084000000000000e+06,3.430000000000000000e+02
9.726020000000000000e+06,3.370000000000000000e+02
9.726956000000000000e+06,3.390000000000000000e+02
9.727888000000000000e+06,3.370000000000000000e+02
9.728824000000000000e+06,3.450000000000000000e+02
9.729760000000000000e+06,3.390000000000000000e+02
9.730696000000000000e+06,3.420000000000000000e+02
9.731628000000000000e+06,3.420000000000000000e+02
9.732564000000000000e+06,3.420000000000000000e+02
9.733500000000000000e+06,3.430000000000000000e+02
9.734436000000000000e+06,3.420000000000000000e+02
9.735368000000000000e+06,3.390000000000000000e+02
9.736304000000000000e+06,3.480000000000000000e+02
9.737240000000000000e+06,3.320000000000000000e+02
9.738176000000000000e+06,3.340000000000000000e+02
9.739108000000000000e+06,3.350000000000000000e+02
9.740044000000000000e+06,3.370000000000000000e+02
9.740980000000000000e+06,3.440000000000000000e+02
9.741916000000000000e+06,3.420000000000000000e+02
9.742848000000000000e+06,3.350000000000000000e+02
9.743784000000000000e+06,3.420000000000000000e+02
9.744720000000000000e+06,3.420000000000000000e+02
9.745656000000000000e+06,3.470000000000000000e+02
9.746588000000000000e+06,3.430000000000000000e+02
9.747524000000000000e+06,3.440000000000000000e+02
9.748460000000000000e+06,3.400000000000000000e+02
9.749396000000000000e+06,3.420000000000000000e+02
9.750328000000000000e+06,3.400000000000000000e+02
9.751264000000000000e+06,3.450000000000000000e+02
9.752200000000000000e+06,3.400000000000000000e+02
9.753136000000000000e+06,3.370000000000000000e+02
9.754068000000000000e+06,3.440000000000000000e+02
9.755004000000000000e+06,3.370000000000000000e+02
9.755940000000000000e+06,3.460000000000000000e+02
9.756876000000000000e+06,3.440000000000000000e+02
9.757808000000000000e+06,3.480000000000000000e+02
9.758744000000000000e+06,3.400000000000000000e+02
9.759680000000000000e+06,3.390000000000000000e+02
9.760616000000000000e+06,3.390000000000000000e+02
9.761548000000000000e+06,3.420000000000000000e+02
9.762484000000000000e+06,3.400000000000000000e+02
9.763420000000000000e+06,3.380000000000000000e+02
9.764356000000000000e+06,3.430000000000000000e+02
9.765288000000000000e+06,3.420000000000000000e+02
9.766224000000000000e+06,3.480000000000000000e+02
9.767160000000000000e+06,3.400000000000000000e+02
9.768096000000000000e+06,3.490000000000000000e+02
9.769028000000000000e+06,3.390000000000000000e+02
9.769964000000000000e+06,3.400000000000000000e+02
9.770900000000000000e+06,3.470000000000000000e+02
9.771836000000000000e+06,3.440000000000000000e+02
9.772768000000000000e+06,3.440000000000000000e+02
9.773704000000000000e+06,3.420000000000000000e+02
9.774640000000000000e+06,3.390000000000000000e+02
9.775576000000000000e+06,3.440000000000000000e+02
9.776508000000000000e+06,3.450000000000000000e+02
9.777444000000000000e+06,3.470000000000000000e+02
9.778380000000000000e+06,3.420000000000000000e+02
9.779316000000000000e+06,3.440000000000000000e+02
9.780248000000000000e+06,3.440000000000000000e+02
9.781184000000000000e+06,3.370000000000000000e+02
9.782120000000000000e+06,3.370000000000000000e+02
9.783056000000000000e+06,3.450000000000000000e+02
9.783988000000000000e+06,3.470000000000000000e+02
9.784924000000000000e+06,3.440000000000000000e+02
9.785860000000000000e+06,3.400000000000000000e+02
9.786796000000000000e+06,3.270000000000000000e+02
9.787728000000000000e+06,3.480000000000000000e+02
9.788664000000000000e+06,3.450000000000000000e+02
9.789600000000000000e+06,3.410000000000000000e+02
9.790536000000000000e+06,3.350000000000000000e+02
9.791468000000000000e+06,3.390000000000000000e+02
9.792404000000000000e+06,3.400000000000000000e+02
9.793340000000000000e+06,3.390000000000000000e+02
9.794276000000000000e+06,3.440000000000000000e+02
9.795208000000000000e+06,3.460000000000000000e+02
9.796144000000000000e+06,3.320000000000000000e+02
9.797080000000000000e+06,3.370000000000000000e+02
9.798016000000000000e+06,3.450000000000000000e+02
9.798948000000000000e+06,3.450000000000000000e+02
9.799884000000000000e+06,3.390000000000000000e+02
9.800820000000000000e+06,3.440000000000000000e+02
9.801756000000000000e+06,3.420000000000000000e+02
9.802688000000000000e+06,3.420000000000000000e+02
9.803624000000000000e+06,3.390000000000000000e+02
9.804560000000000000e+06,3.440000000000000000e+02
9.805496000000000000e+06,3.480000000000000000e+02
9.806428000000000000e+06,3.510000000000000000e+02
9.807364000000000000e+06,3.340000000000000000e+02
9.808300000000000000e+06,3.390000000000000000e+02
9.809236000000000000e+06,3.390000000000000000e+02
9.810168000000000000e+06,3.350000000000000000e+02
9.811104000000000000e+06,3.410000000000000000e+02
9.812040000000000000e+06,3.390000000000000000e+02
9.812976000000000000e+06,3.390000000000000000e+02
9.813908000000000000e+06,3.390000000000000000e+02
9.814844000000000000e+06,3.440000000000000000e+02
9.815780000000000000e+06,3.420000000000000000e+02
9.816716000000000000e+06,3.340000000000000000e+02
9.817648000000000000e+06,3.440000000000000000e+02
9.818584000000000000e+06,3.420000000000000000e+02
9.819520000000000000e+06,3.420000000000000000e+02
9.820456000000000000e+06,3.420000000000000000e+02
9.821388000000000000e+06,3.400000000000000000e+02
9.822324000000000000e+06,3.420000000000000000e+02
9.823260000000000000e+06,3.420000000000000000e+02
9.824196000000000000e+06,3.390000000000000000e+02
9.825128000000000000e+06,3.420000000000000000e+02
9.826064000000000000e+06,3.370000000000000000e+02
9.827000000000000000e+06,3.420000000000000000e+02
9.827936000000000000e+06,3.390000000000000000e+02
9.828868000000000000e+06,3.410000000000000000e+02
9.829804000000000000e+06,3.390000000000000000e+02
9.830740000000000000e+06,3.390000000000000000e+02
9.831676000000000000e+06,3.390000000000000000e+02
9.832608000000000000e+06,3.390000000000000000e+02
9.833544000000000000e+06,3.420000000000000000e+02
9.834480000000000000e+06,3.420000000000000000e+02
9.835416000000000000e+06,3.390000000000000000e+02
9.836348000000000000e+06,3.450000000000000000e+02
9.837284000000000000e+06,3.390000000000000000e+02
9.838220000000000000e+06,3.480000000000000000e+02
9.839156000000000000e+06,3.480000000000000000e+02
9.840088000000000000e+06,3.460000000000000000e+02
9.841024000000000000e+06,3.450000000000000000e+02
9.841960000000000000e+06,3.450000000000000000e+02
9.842896000000000000e+06,3.440000000000000000e+02
9.843828000000000000e+06,3.440000000000000000e+02
9.844764000000000000e+06,3.450000000000000000e+02
9.845700000000000000e+06,3.350000000000000000e+02
9.846636000000000000e+06,3.480000000000000000e+02
9.847568000000000000e+06,3.440000000000000000e+02
9.848504000000000000e+06,3.450000000000000000e+02
9.849440000000000000e+06,3.450000000000000000e+02
9.850376000000000000e+06,3.400000000000000000e+02
9.851308000000000000e+06,3.370000000000000000e+02
9.852244000000000000e+06,3.400000000000000000e+02
9.853180000000000000e+06,3.430000000000000000e+02
9.854116000000000000e+06,3.430000000000000000e+02
9.855048000000000000e+06,3.430000000000000000e+02
9.855984000000000000e+06,3.430000000000000000e+02
9.856920000000000000e+06,3.420000000000000000e+02
9.857856000000000000e+06,3.430000000000000000e+02
9.858788000000000000e+06,3.460000000000000000e+02
9.859724000000000000e+06,3.440000000000000000e+02
9.860660000000000000e+06,3.430000000000000000e+02
9.861596000000000000e+06,3.400000000000000000e+02
9.862528000000000000e+06,3.440000000000000000e+02
9.863464000000000000e+06,3.420000000000000000e+02
9.864400000000000000e+06,3.440000000000000000e+02
9.865336000000000000e+06,3.460000000000000000e+02
9.866268000000000000e+06,3.380000000000000000e+02
9.867204000000000000e+06,3.400000000000000000e+02
9.868140000000000000e+06,3.440000000000000000e+02
9.869076000000000000e+06,3.440000000000000000e+02
9.870008000000000000e+06,3.450000000000000000e+02
9.870944000000000000e+06,3.470000000000000000e+02
9.871880000000000000e+06,3.390000000000000000e+02
9.872816000000000000e+06,3.450000000000000000e+02
9.873748000000000000e+06,3.450000000000000000e+02
9.874684000000000000e+06,3.380000000000000000e+02
9.875620000000000000e+06,3.400000000000000000e+02
9.876556000000000000e+06,3.390000000000000000e+02
9.877488000000000000e+06,3.390000000000000000e+02
9.878424000000000000e+06,3.440000000000000000e+02
9.879360000000000000e+06,3.450000000000000000e+02
9.880296000000000000e+06,3.440000000000000000e+02
9.881228000000000000e+06,3.450000000000000000e+02
9.882164000000000000e+06,3.430000000000000000e+02
9.883100000000000000e+06,3.440000000000000000e+02
9.884036000000000000e+06,3.470000000000000000e+02
9.884968000000000000e+06,3.470000000000000000e+02
9.885904000000000000e+06,3.340000000000000000e+02
9.886840000000000000e+06,3.380000000000000000e+02
9.887776000000000000e+06,3.470000000000000000e+02
9.888708000000000000e+06,3.410000000000000000e+02
9.889644000000000000e+06,3.400000000000000000e+02
9.890580000000000000e+06,3.430000000000000000e+02
9.891516000000000000e+06,3.430000000000000000e+02
9.892448000000000000e+06,3.450000000000000000e+02
9.893384000000000000e+06,3.470000000000000000e+02
9.894320000000000000e+06,3.460000000000000000e+02
9.895256000000000000e+06,3.450000000000000000e+02
9.896188000000000000e+06,3.350000000000000000e+02
9.897124000000000000e+06,3.390000000000000000e+02
9.898060000000000000e+06,3.450000000000000000e+02
9.898996000000000000e+06,3.440000000000000000e+02
9.899928000000000000e+06,3.450000000000000000e+02
9.900864000000000000e+06,3.450000000000000000e+02
9.901800000000000000e+06,3.430000000000000000e+02
9.902736000000000000e+06,3.480000000000000000e+02
9.903668000000000000e+06,3.480000000000000000e+02
9.904604000000000000e+06,3.490000000000000000e+02
9.905540000000000000e+06,3.440000000000000000e+02
